% 106/20
% chanspec: 0xd06a
% tssi-idle_tssi    ipa     txlpf   pga     pad     txgm    bbmult   
tssi_106_20 = [ ...
  -409 0 0 0 0 0 0; ... % idle_tssi
  920 255 0 255 255 255 51; ... % tssi[0]
  920 255 0 255 255 255 49; ... % tssi[1]
  920 255 0 255 255 255 48; ... % tssi[2]
  920 255 0 247 255 255 48; ... % tssi[3]
  920 255 0 238 255 255 48; ... % tssi[4]
  920 255 0 230 255 255 48; ... % tssi[5]
  920 255 0 223 255 255 48; ... % tssi[6]
  920 255 0 215 255 255 48; ... % tssi[7]
  920 255 0 207 255 255 47; ... % tssi[8]
  920 255 0 201 255 255 47; ... % tssi[9]
  920 255 0 194 255 255 48; ... % tssi[10]
  920 255 0 187 255 255 48; ... % tssi[11]
  920 255 0 182 255 255 49; ... % tssi[12]
  920 255 0 177 255 255 48; ... % tssi[13]
  920 255 0 170 255 255 48; ... % tssi[14]
  920 255 0 165 255 255 48; ... % tssi[15]
  920 255 0 160 255 255 48; ... % tssi[16]
  920 255 0 155 255 255 48; ... % tssi[17]
  920 255 0 149 255 255 48; ... % tssi[18]
  916 255 0 145 255 255 48; ... % tssi[19]
  907 255 0 141 255 255 48; ... % tssi[20]
  901 255 0 136 255 255 48; ... % tssi[21]
  896 255 0 133 255 255 48; ... % tssi[22]
  883 255 0 128 255 255 48; ... % tssi[23]
  871 255 0 124 255 255 47; ... % tssi[24]
  859 255 0 120 255 255 47; ... % tssi[25]
  849 255 0 117 255 255 48; ... % tssi[26]
  836 255 0 113 255 255 48; ... % tssi[27]
  826 255 0 110 255 255 48; ... % tssi[28]
  809 255 0 106 255 255 47; ... % tssi[29]
  794 255 0 103 255 255 48; ... % tssi[30]
  779 255 0 100 255 255 48; ... % tssi[31]
  761 255 0 97 255 255 47; ... % tssi[32]
  747 255 0 94 255 255 48; ... % tssi[33]
  730 255 0 91 255 255 48; ... % tssi[34]
  711 255 0 88 255 255 48; ... % tssi[35]
  694 255 0 86 255 255 48; ... % tssi[36]
  675 255 0 83 255 255 48; ... % tssi[37]
  662 255 0 81 255 255 48; ... % tssi[38]
  642 255 0 78 255 255 48; ... % tssi[39]
  629 255 0 76 255 255 48; ... % tssi[40]
  613 255 0 74 255 255 48; ... % tssi[41]
  597 255 0 72 255 255 48; ... % tssi[42]
  583 255 0 70 255 255 48; ... % tssi[43]
  567 255 0 68 255 255 48; ... % tssi[44]
  544 255 0 65 255 255 48; ... % tssi[45]
  529 255 0 63 255 255 48; ... % tssi[46]
  512 255 0 61 255 255 48; ... % tssi[47]
  497 255 0 59 255 255 47; ... % tssi[48]
  489 255 0 58 255 255 47; ... % tssi[49]
  471 255 0 56 255 255 47; ... % tssi[50]
  465 255 0 55 255 255 47; ... % tssi[51]
  446 255 0 53 255 255 48; ... % tssi[52]
  429 255 0 51 255 255 48; ... % tssi[53]
  422 255 0 50 255 255 48; ... % tssi[54]
  406 255 0 48 255 255 48; ... % tssi[55]
  399 255 0 47 255 255 48; ... % tssi[56]
  392 255 0 46 255 255 47; ... % tssi[57]
  374 255 0 44 255 255 48; ... % tssi[58]
  364 255 0 43 255 255 48; ... % tssi[59]
  356 255 0 42 255 255 47; ... % tssi[60]
  337 255 0 40 255 255 48; ... % tssi[61]
  328 255 0 39 255 255 48; ... % tssi[62]
  318 255 0 38 255 255 47; ... % tssi[63]
  315 255 0 38 255 255 48; ... % tssi[64]
  299 255 0 36 255 255 48; ... % tssi[65]
  290 255 0 35 255 255 48; ... % tssi[66]
  280 255 0 34 255 255 48; ... % tssi[67]
  271 255 0 33 255 255 48; ... % tssi[68]
  261 255 0 32 255 255 48; ... % tssi[69]
  257 255 0 31 255 255 48; ... % tssi[70]
  245 255 0 30 255 255 48; ... % tssi[71]
  236 255 0 29 255 255 47; ... % tssi[72]
  227 255 0 28 255 255 48; ... % tssi[73]
  216 255 0 27 255 255 48; ... % tssi[74]
  206 255 0 26 255 255 48; ... % tssi[75]
  196 255 0 25 255 255 48; ... % tssi[76]
  196 255 0 25 255 255 48; ... % tssi[77]
  184 255 0 24 255 255 47; ... % tssi[78]
  173 255 0 23 255 255 48; ... % tssi[79]
  174 255 0 23 255 255 48; ... % tssi[80]
  164 255 0 22 255 255 48; ... % tssi[81]
  154 255 0 21 255 255 48; ... % tssi[82]
  151 255 0 21 255 255 47; ... % tssi[83]
  141 255 0 20 255 255 48; ... % tssi[84]
  142 255 0 20 255 255 48; ... % tssi[85]
  135 255 0 19 255 255 48; ... % tssi[86]
  123 255 0 18 255 255 48; ... % tssi[87]
  121 255 0 18 255 255 49; ... % tssi[88]
  112 255 0 17 255 255 48; ... % tssi[89]
  111 255 0 17 255 255 48; ... % tssi[90]
  102 255 0 16 255 255 47; ... % tssi[91]
  102 255 0 16 255 255 48; ... % tssi[92]
  95 255 0 15 255 255 47; ... % tssi[93]
  98 255 0 15 255 255 47; ... % tssi[94]
  85 255 0 14 255 255 48; ... % tssi[95]
  87 255 0 14 255 255 48; ... % tssi[96]
  87 255 0 14 255 255 48; ... % tssi[97]
  76 255 0 13 255 255 47; ... % tssi[98]
  76 255 0 13 255 255 49; ... % tssi[99]
  68 255 0 12 255 255 48; ... % tssi[100]
  68 255 0 12 255 255 48; ... % tssi[101]
  67 255 0 12 255 255 48; ... % tssi[102]
  58 255 0 11 255 255 46; ... % tssi[103]
  57 255 0 11 255 255 48; ... % tssi[104]
  51 255 0 10 255 255 47; ... % tssi[105]
  49 255 0 10 255 255 48; ... % tssi[106]
  49 255 0 10 255 255 47; ... % tssi[107]
  42 255 0 9 255 255 46; ... % tssi[108]
  42 255 0 9 255 255 45; ... % tssi[109]
  42 255 0 9 255 255 51; ... % tssi[110]
  41 255 0 9 255 255 49; ... % tssi[111]
  34 255 0 8 255 255 48; ... % tssi[112]
  34 255 0 8 255 255 46; ... % tssi[113]
  32 255 0 8 255 255 48; ... % tssi[114]
  34 255 0 8 255 255 46; ... % tssi[115]
  26 255 0 7 255 255 49; ... % tssi[116]
  26 255 0 7 255 255 48; ... % tssi[117]
  26 255 0 7 255 255 46; ... % tssi[118]
  27 255 0 7 255 255 48; ... % tssi[119]
  27 255 0 7 255 255 47; ... % tssi[120]
  19 255 0 6 255 255 45; ... % tssi[121]
  20 255 0 6 255 255 45; ... % tssi[122]
  19 255 0 6 255 255 43; ... % tssi[123]
  21 255 0 6 255 255 42; ... % tssi[124]
  18 255 0 6 255 255 41; ... % tssi[125]
  13 255 0 5 255 255 39; ... % tssi[126]
  14 255 0 5 255 255 39; ... % tssi[127]
];