% 106/20
% chanspec: 0xd06a
% tssi-idle_tssi    ipa     txlpf   pga     pad     txgm    bbmult   
tssi_ipa(:,:,4,2) = [ ...
-415 0 0 0 0 0 0; ... % idle_tssi
1 0 0 30 255 255 64;
8 1 0 30 255 255 64;
8 2 0 30 255 255 64;
20 3 0 30 255 255 64;
8 4 0 30 255 255 64;
20 5 0 30 255 255 64;
21 6 0 30 255 255 64;
37 7 0 30 255 255 64;
7 8 0 30 255 255 64;
19 9 0 30 255 255 64;
19 10 0 30 255 255 64;
36 11 0 30 255 255 64;
22 12 0 30 255 255 64;
38 13 0 30 255 255 64;
37 14 0 30 255 255 64;
58 15 0 30 255 255 64;
7 16 0 30 255 255 64;
18 17 0 30 255 255 64;
18 18 0 30 255 255 64;
34 19 0 30 255 255 64;
19 20 0 30 255 255 64;
35 21 0 30 255 255 64;
35 22 0 30 255 255 64;
55 23 0 30 255 255 64;
19 24 0 30 255 255 64;
36 25 0 30 255 255 64;
33 26 0 30 255 255 64;
54 27 0 30 255 255 64;
35 28 0 30 255 255 64;
57 29 0 30 255 255 64;
55 30 0 30 255 255 64;
80 31 0 30 255 255 64;
8 32 0 30 255 255 64;
19 33 0 30 255 255 64;
19 34 0 30 255 255 64;
36 35 0 30 255 255 64;
21 36 0 30 255 255 64;
39 37 0 30 255 255 64;
37 38 0 30 255 255 64;
58 39 0 30 255 255 64;
21 40 0 30 255 255 64;
36 41 0 30 255 255 64;
34 42 0 30 255 255 64;
56 43 0 30 255 255 64;
37 44 0 30 255 255 64;
58 45 0 30 255 255 64;
55 46 0 30 255 255 64;
80 47 0 30 255 255 64;
18 48 0 30 255 255 64;
37 49 0 30 255 255 64;
35 50 0 30 255 255 64;
56 51 0 30 255 255 64;
36 52 0 30 255 255 64;
59 53 0 30 255 255 64;
56 54 0 30 255 255 64;
79 55 0 30 255 255 64;
36 56 0 30 255 255 64;
57 57 0 30 255 255 64;
53 58 0 30 255 255 64;
79 59 0 30 255 255 64;
56 60 0 30 255 255 64;
81 61 0 30 255 255 64;
79 62 0 30 255 255 64;
103 63 0 30 255 255 64;
5 64 0 30 255 255 64;
19 65 0 30 255 255 64;
18 66 0 30 255 255 64;
34 67 0 30 255 255 64;
19 68 0 30 255 255 64;
35 69 0 30 255 255 64;
34 70 0 30 255 255 64;
57 71 0 30 255 255 64;
18 72 0 30 255 255 64;
37 73 0 30 255 255 64;
33 74 0 30 255 255 64;
54 75 0 30 255 255 64;
35 76 0 30 255 255 64;
56 77 0 30 255 255 64;
56 78 0 30 255 255 64;
80 79 0 30 255 255 64;
17 80 0 30 255 255 64;
35 81 0 30 255 255 64;
33 82 0 30 255 255 64;
53 83 0 30 255 255 64;
34 84 0 30 255 255 64;
54 85 0 30 255 255 64;
53 86 0 30 255 255 64;
78 87 0 30 255 255 64;
33 88 0 30 255 255 64;
55 89 0 30 255 255 64;
54 90 0 30 255 255 64;
77 91 0 30 255 255 64;
55 92 0 30 255 255 64;
78 93 0 30 255 255 64;
77 94 0 30 255 255 64;
102 95 0 30 255 255 64;
20 96 0 30 255 255 64;
36 97 0 30 255 255 64;
34 98 0 30 255 255 64;
56 99 0 30 255 255 64;
36 100 0 30 255 255 64;
57 101 0 30 255 255 64;
56 102 0 30 255 255 64;
81 103 0 30 255 255 64;
33 104 0 30 255 255 64;
56 105 0 30 255 255 64;
54 106 0 30 255 255 64;
76 107 0 30 255 255 64;
58 108 0 30 255 255 64;
80 109 0 30 255 255 64;
78 110 0 30 255 255 64;
106 111 0 30 255 255 64;
36 112 0 30 255 255 64;
55 113 0 30 255 255 64;
54 114 0 30 255 255 64;
77 115 0 30 255 255 64;
58 116 0 30 255 255 64;
79 117 0 30 255 255 64;
78 118 0 30 255 255 64;
103 119 0 30 255 255 64;
56 120 0 30 255 255 64;
78 121 0 30 255 255 64;
77 122 0 30 255 255 64;
105 123 0 30 255 255 64;
79 124 0 30 255 255 64;
105 125 0 30 255 255 64;
104 126 0 30 255 255 64;
130 127 0 30 255 255 64;
8 128 0 30 255 255 64;
18 129 0 30 255 255 64;
20 130 0 30 255 255 64;
35 131 0 30 255 255 64;
20 132 0 30 255 255 64;
38 133 0 30 255 255 64;
35 134 0 30 255 255 64;
58 135 0 30 255 255 64;
20 136 0 30 255 255 64;
36 137 0 30 255 255 64;
35 138 0 30 255 255 64;
55 139 0 30 255 255 64;
37 140 0 30 255 255 64;
59 141 0 30 255 255 64;
56 142 0 30 255 255 64;
79 143 0 30 255 255 64;
20 144 0 30 255 255 64;
35 145 0 30 255 255 64;
35 146 0 30 255 255 64;
57 147 0 30 255 255 64;
34 148 0 30 255 255 64;
55 149 0 30 255 255 64;
55 150 0 30 255 255 64;
81 151 0 30 255 255 64;
35 152 0 30 255 255 64;
56 153 0 30 255 255 64;
53 154 0 30 255 255 64;
77 155 0 30 255 255 64;
57 156 0 30 255 255 64;
81 157 0 30 255 255 64;
78 158 0 30 255 255 64;
106 159 0 30 255 255 64;
21 160 0 30 255 255 64;
36 161 0 30 255 255 64;
35 162 0 30 255 255 64;
57 163 0 30 255 255 64;
37 164 0 30 255 255 64;
59 165 0 30 255 255 64;
55 166 0 30 255 255 64;
79 167 0 30 255 255 64;
35 168 0 30 255 255 64;
57 169 0 30 255 255 64;
52 170 0 30 255 255 64;
76 171 0 30 255 255 64;
58 172 0 30 255 255 64;
82 173 0 30 255 255 64;
77 174 0 30 255 255 64;
105 175 0 30 255 255 64;
36 176 0 30 255 255 64;
57 177 0 30 255 255 64;
54 178 0 30 255 255 64;
79 179 0 30 255 255 64;
58 180 0 30 255 255 64;
82 181 0 30 255 255 64;
80 182 0 30 255 255 64;
107 183 0 30 255 255 64;
55 184 0 30 255 255 64;
81 185 0 30 255 255 64;
76 186 0 30 255 255 64;
104 187 0 30 255 255 64;
82 188 0 30 255 255 64;
107 189 0 30 255 255 64;
103 190 0 30 255 255 64;
130 191 0 30 255 255 64;
17 192 0 30 255 255 64;
35 193 0 30 255 255 64;
32 194 0 30 255 255 64;
55 195 0 30 255 255 64;
35 196 0 30 255 255 64;
56 197 0 30 255 255 64;
55 198 0 30 255 255 64;
78 199 0 30 255 255 64;
33 200 0 30 255 255 64;
56 201 0 30 255 255 64;
53 202 0 30 255 255 64;
76 203 0 30 255 255 64;
56 204 0 30 255 255 64;
81 205 0 30 255 255 64;
79 206 0 30 255 255 64;
103 207 0 30 255 255 64;
34 208 0 30 255 255 64;
56 209 0 30 255 255 64;
53 210 0 30 255 255 64;
77 211 0 30 255 255 64;
54 212 0 30 255 255 64;
79 213 0 30 255 255 64;
79 214 0 30 255 255 64;
103 215 0 30 255 255 64;
55 216 0 30 255 255 64;
80 217 0 30 255 255 64;
76 218 0 30 255 255 64;
102 219 0 30 255 255 64;
80 220 0 30 255 255 64;
104 221 0 30 255 255 64;
103 222 0 30 255 255 64;
130 223 0 30 255 255 64;
34 224 0 30 255 255 64;
59 225 0 30 255 255 64;
54 226 0 30 255 255 64;
79 227 0 30 255 255 64;
56 228 0 30 255 255 64;
81 229 0 30 255 255 64;
79 230 0 30 255 255 64;
107 231 0 30 255 255 64;
55 232 0 30 255 255 64;
79 233 0 30 255 255 64;
73 234 0 30 255 255 64;
102 235 0 30 255 255 64;
80 236 0 30 255 255 64;
107 237 0 30 255 255 64;
103 238 0 30 255 255 64;
129 239 0 30 255 255 64;
57 240 0 30 255 255 64;
81 241 0 30 255 255 64;
80 242 0 30 255 255 64;
105 243 0 30 255 255 64;
80 244 0 30 255 255 64;
105 245 0 30 255 255 64;
104 246 0 30 255 255 64;
130 247 0 30 255 255 64;
80 248 0 30 255 255 64;
105 249 0 30 255 255 64;
100 250 0 30 255 255 64;
129 251 0 30 255 255 64;
105 252 0 30 255 255 64;
132 253 0 30 255 255 64;
128 254 0 30 255 255 64;
154 255 0 30 255 255 64;
]; % EOF
