% 7/20
% chanspec: 0x1007
% tssi-idle_tssi    ipa     txlpf   pga     pad     txgm    bbmult   
tssi_ipa(:,:,1,2) = [ ...
-289 0 0 0 0 0 0; ... % idle_tssi
1 0 0 30 255 255 64;
4 1 0 30 255 255 64;
3 2 0 30 255 255 64;
12 3 0 30 255 255 64;
5 4 0 30 255 255 64;
12 5 0 30 255 255 64;
13 6 0 30 255 255 64;
27 7 0 30 255 255 64;
5 8 0 30 255 255 64;
13 9 0 30 255 255 64;
11 10 0 30 255 255 64;
25 11 0 30 255 255 64;
14 12 0 30 255 255 64;
26 13 0 30 255 255 64;
25 14 0 30 255 255 64;
41 15 0 30 255 255 64;
5 16 0 30 255 255 64;
12 17 0 30 255 255 64;
14 18 0 30 255 255 64;
27 19 0 30 255 255 64;
13 20 0 30 255 255 64;
24 21 0 30 255 255 64;
27 22 0 30 255 255 64;
41 23 0 30 255 255 64;
14 24 0 30 255 255 64;
27 25 0 30 255 255 64;
25 26 0 30 255 255 64;
42 27 0 30 255 255 64;
28 28 0 30 255 255 64;
41 29 0 30 255 255 64;
43 30 0 30 255 255 64;
58 31 0 30 255 255 64;
4 32 0 30 255 255 64;
13 33 0 30 255 255 64;
11 34 0 30 255 255 64;
25 35 0 30 255 255 64;
15 36 0 30 255 255 64;
27 37 0 30 255 255 64;
26 38 0 30 255 255 64;
42 39 0 30 255 255 64;
12 40 0 30 255 255 64;
25 41 0 30 255 255 64;
21 42 0 30 255 255 64;
37 43 0 30 255 255 64;
26 44 0 30 255 255 64;
42 45 0 30 255 255 64;
39 46 0 30 255 255 64;
56 47 0 30 255 255 64;
13 48 0 30 255 255 64;
28 49 0 30 255 255 64;
26 50 0 30 255 255 64;
43 51 0 30 255 255 64;
28 52 0 30 255 255 64;
43 53 0 30 255 255 64;
44 54 0 30 255 255 64;
58 55 0 30 255 255 64;
27 56 0 30 255 255 64;
43 57 0 30 255 255 64;
40 58 0 30 255 255 64;
56 59 0 30 255 255 64;
43 60 0 30 255 255 64;
60 61 0 30 255 255 64;
59 62 0 30 255 255 64;
75 63 0 30 255 255 64;
5 64 0 30 255 255 64;
13 65 0 30 255 255 64;
14 66 0 30 255 255 64;
27 67 0 30 255 255 64;
14 68 0 30 255 255 64;
27 69 0 30 255 255 64;
28 70 0 30 255 255 64;
42 71 0 30 255 255 64;
14 72 0 30 255 255 64;
28 73 0 30 255 255 64;
26 74 0 30 255 255 64;
42 75 0 30 255 255 64;
28 76 0 30 255 255 64;
45 77 0 30 255 255 64;
42 78 0 30 255 255 64;
59 79 0 30 255 255 64;
15 80 0 30 255 255 64;
26 81 0 30 255 255 64;
28 82 0 30 255 255 64;
44 83 0 30 255 255 64;
27 84 0 30 255 255 64;
41 85 0 30 255 255 64;
43 86 0 30 255 255 64;
59 87 0 30 255 255 64;
29 88 0 30 255 255 64;
44 89 0 30 255 255 64;
43 90 0 30 255 255 64;
61 91 0 30 255 255 64;
45 92 0 30 255 255 64;
61 93 0 30 255 255 64;
60 94 0 30 255 255 64;
77 95 0 30 255 255 64;
13 96 0 30 255 255 64;
27 97 0 30 255 255 64;
26 98 0 30 255 255 64;
41 99 0 30 255 255 64;
29 100 0 30 255 255 64;
42 101 0 30 255 255 64;
44 102 0 30 255 255 64;
59 103 0 30 255 255 64;
25 104 0 30 255 255 64;
43 105 0 30 255 255 64;
39 106 0 30 255 255 64;
58 107 0 30 255 255 64;
44 108 0 30 255 255 64;
60 109 0 30 255 255 64;
59 110 0 30 255 255 64;
75 111 0 30 255 255 64;
28 112 0 30 255 255 64;
42 113 0 30 255 255 64;
44 114 0 30 255 255 64;
60 115 0 30 255 255 64;
46 116 0 30 255 255 64;
62 117 0 30 255 255 64;
61 118 0 30 255 255 64;
77 119 0 30 255 255 64;
44 120 0 30 255 255 64;
61 121 0 30 255 255 64;
58 122 0 30 255 255 64;
75 123 0 30 255 255 64;
62 124 0 30 255 255 64;
77 125 0 30 255 255 64;
77 126 0 30 255 255 64;
94 127 0 30 255 255 64;
4 128 0 30 255 255 64;
14 129 0 30 255 255 64;
11 130 0 30 255 255 64;
26 131 0 30 255 255 64;
13 132 0 30 255 255 64;
26 133 0 30 255 255 64;
26 134 0 30 255 255 64;
42 135 0 30 255 255 64;
12 136 0 30 255 255 64;
27 137 0 30 255 255 64;
22 138 0 30 255 255 64;
39 139 0 30 255 255 64;
26 140 0 30 255 255 64;
43 141 0 30 255 255 64;
40 142 0 30 255 255 64;
56 143 0 30 255 255 64;
14 144 0 30 255 255 64;
26 145 0 30 255 255 64;
27 146 0 30 255 255 64;
44 147 0 30 255 255 64;
27 148 0 30 255 255 64;
44 149 0 30 255 255 64;
43 150 0 30 255 255 64;
60 151 0 30 255 255 64;
26 152 0 30 255 255 64;
44 153 0 30 255 255 64;
39 154 0 30 255 255 64;
57 155 0 30 255 255 64;
43 156 0 30 255 255 64;
59 157 0 30 255 255 64;
59 158 0 30 255 255 64;
75 159 0 30 255 255 64;
12 160 0 30 255 255 64;
27 161 0 30 255 255 64;
23 162 0 30 255 255 64;
39 163 0 30 255 255 64;
27 164 0 30 255 255 64;
43 165 0 30 255 255 64;
41 166 0 30 255 255 64;
57 167 0 30 255 255 64;
23 168 0 30 255 255 64;
40 169 0 30 255 255 64;
33 170 0 30 255 255 64;
54 171 0 30 255 255 64;
42 172 0 30 255 255 64;
56 173 0 30 255 255 64;
54 174 0 30 255 255 64;
72 175 0 30 255 255 64;
28 176 0 30 255 255 64;
43 177 0 30 255 255 64;
41 178 0 30 255 255 64;
58 179 0 30 255 255 64;
45 180 0 30 255 255 64;
60 181 0 30 255 255 64;
58 182 0 30 255 255 64;
76 183 0 30 255 255 64;
41 184 0 30 255 255 64;
59 185 0 30 255 255 64;
53 186 0 30 255 255 64;
71 187 0 30 255 255 64;
58 188 0 30 255 255 64;
75 189 0 30 255 255 64;
73 190 0 30 255 255 64;
90 191 0 30 255 255 64;
13 192 0 30 255 255 64;
28 193 0 30 255 255 64;
26 194 0 30 255 255 64;
43 195 0 30 255 255 64;
28 196 0 30 255 255 64;
43 197 0 30 255 255 64;
44 198 0 30 255 255 64;
60 199 0 30 255 255 64;
26 200 0 30 255 255 64;
44 201 0 30 255 255 64;
40 202 0 30 255 255 64;
58 203 0 30 255 255 64;
43 204 0 30 255 255 64;
59 205 0 30 255 255 64;
61 206 0 30 255 255 64;
76 207 0 30 255 255 64;
30 208 0 30 255 255 64;
44 209 0 30 255 255 64;
44 210 0 30 255 255 64;
61 211 0 30 255 255 64;
45 212 0 30 255 255 64;
59 213 0 30 255 255 64;
61 214 0 30 255 255 64;
78 215 0 30 255 255 64;
46 216 0 30 255 255 64;
62 217 0 30 255 255 64;
58 218 0 30 255 255 64;
77 219 0 30 255 255 64;
62 220 0 30 255 255 64;
77 221 0 30 255 255 64;
77 222 0 30 255 255 64;
94 223 0 30 255 255 64;
27 224 0 30 255 255 64;
43 225 0 30 255 255 64;
39 226 0 30 255 255 64;
60 227 0 30 255 255 64;
45 228 0 30 255 255 64;
61 229 0 30 255 255 64;
61 230 0 30 255 255 64;
78 231 0 30 255 255 64;
41 232 0 30 255 255 64;
58 233 0 30 255 255 64;
52 234 0 30 255 255 64;
73 235 0 30 255 255 64;
60 236 0 30 255 255 64;
78 237 0 30 255 255 64;
74 238 0 30 255 255 64;
92 239 0 30 255 255 64;
45 240 0 30 255 255 64;
63 241 0 30 255 255 64;
60 242 0 30 255 255 64;
77 243 0 30 255 255 64;
62 244 0 30 255 255 64;
80 245 0 30 255 255 64;
79 246 0 30 255 255 64;
95 247 0 30 255 255 64;
61 248 0 30 255 255 64;
77 249 0 30 255 255 64;
73 250 0 30 255 255 64;
91 251 0 30 255 255 64;
79 252 0 30 255 255 64;
94 253 0 30 255 255 64;
92 254 0 30 255 255 64;
109 255 0 30 255 255 64;
]; % EOF
