% 7/80L
% chanspec: 0x2007
% tssi-idle_tssi    ipa     txlpf   pga     pad     txgm    bbmult   
tssi_ipa(:,:,3,3) = [ ...
-288 0 0 0 0 0 0; ... % idle_tssi
1 0 0 30 255 255 64;
4 1 0 30 255 255 64;
3 2 0 30 255 255 64;
10 3 0 30 255 255 64;
3 4 0 30 255 255 64;
10 5 0 30 255 255 64;
10 6 0 30 255 255 64;
20 7 0 30 255 255 64;
3 8 0 30 255 255 64;
10 9 0 30 255 255 64;
9 10 0 30 255 255 64;
20 11 0 30 255 255 64;
10 12 0 30 255 255 64;
21 13 0 30 255 255 64;
19 14 0 30 255 255 64;
30 15 0 30 255 255 64;
4 16 0 30 255 255 64;
10 17 0 30 255 255 64;
10 18 0 30 255 255 64;
20 19 0 30 255 255 64;
10 20 0 30 255 255 64;
19 21 0 30 255 255 64;
21 22 0 30 255 255 64;
33 23 0 30 255 255 64;
11 24 0 30 255 255 64;
20 25 0 30 255 255 64;
19 26 0 30 255 255 64;
31 27 0 30 255 255 64;
21 28 0 30 255 255 64;
32 29 0 30 255 255 64;
32 30 0 30 255 255 64;
45 31 0 30 255 255 64;
3 32 0 30 255 255 64;
10 33 0 30 255 255 64;
9 34 0 30 255 255 64;
18 35 0 30 255 255 64;
10 36 0 30 255 255 64;
20 37 0 30 255 255 64;
19 38 0 30 255 255 64;
32 39 0 30 255 255 64;
9 40 0 30 255 255 64;
20 41 0 30 255 255 64;
18 42 0 30 255 255 64;
30 43 0 30 255 255 64;
20 44 0 30 255 255 64;
33 45 0 30 255 255 64;
29 46 0 30 255 255 64;
44 47 0 30 255 255 64;
10 48 0 30 255 255 64;
21 49 0 30 255 255 64;
19 50 0 30 255 255 64;
32 51 0 30 255 255 64;
22 52 0 30 255 255 64;
33 53 0 30 255 255 64;
32 54 0 30 255 255 64;
46 55 0 30 255 255 64;
20 56 0 30 255 255 64;
33 57 0 30 255 255 64;
31 58 0 30 255 255 64;
44 59 0 30 255 255 64;
32 60 0 30 255 255 64;
45 61 0 30 255 255 64;
44 62 0 30 255 255 64;
57 63 0 30 255 255 64;
3 64 0 30 255 255 64;
10 65 0 30 255 255 64;
10 66 0 30 255 255 64;
21 67 0 30 255 255 64;
10 68 0 30 255 255 64;
19 69 0 30 255 255 64;
21 70 0 30 255 255 64;
33 71 0 30 255 255 64;
10 72 0 30 255 255 64;
21 73 0 30 255 255 64;
20 74 0 30 255 255 64;
31 75 0 30 255 255 64;
22 76 0 30 255 255 64;
34 77 0 30 255 255 64;
32 78 0 30 255 255 64;
45 79 0 30 255 255 64;
10 80 0 30 255 255 64;
20 81 0 30 255 255 64;
22 82 0 30 255 255 64;
33 83 0 30 255 255 64;
21 84 0 30 255 255 64;
31 85 0 30 255 255 64;
34 86 0 30 255 255 64;
47 87 0 30 255 255 64;
22 88 0 30 255 255 64;
33 89 0 30 255 255 64;
32 90 0 30 255 255 64;
45 91 0 30 255 255 64;
33 92 0 30 255 255 64;
46 93 0 30 255 255 64;
47 94 0 30 255 255 64;
61 95 0 30 255 255 64;
11 96 0 30 255 255 64;
21 97 0 30 255 255 64;
19 98 0 30 255 255 64;
33 99 0 30 255 255 64;
21 100 0 30 255 255 64;
33 101 0 30 255 255 64;
32 102 0 30 255 255 64;
46 103 0 30 255 255 64;
20 104 0 30 255 255 64;
32 105 0 30 255 255 64;
30 106 0 30 255 255 64;
44 107 0 30 255 255 64;
33 108 0 30 255 255 64;
46 109 0 30 255 255 64;
45 110 0 30 255 255 64;
58 111 0 30 255 255 64;
22 112 0 30 255 255 64;
34 113 0 30 255 255 64;
33 114 0 30 255 255 64;
46 115 0 30 255 255 64;
35 116 0 30 255 255 64;
46 117 0 30 255 255 64;
47 118 0 30 255 255 64;
60 119 0 30 255 255 64;
33 120 0 30 255 255 64;
47 121 0 30 255 255 64;
44 122 0 30 255 255 64;
59 123 0 30 255 255 64;
47 124 0 30 255 255 64;
61 125 0 30 255 255 64;
59 126 0 30 255 255 64;
74 127 0 30 255 255 64;
2 128 0 30 255 255 64;
10 129 0 30 255 255 64;
9 130 0 30 255 255 64;
20 131 0 30 255 255 64;
10 132 0 30 255 255 64;
21 133 0 30 255 255 64;
20 134 0 30 255 255 64;
32 135 0 30 255 255 64;
10 136 0 30 255 255 64;
20 137 0 30 255 255 64;
17 138 0 30 255 255 64;
30 139 0 30 255 255 64;
20 140 0 30 255 255 64;
32 141 0 30 255 255 64;
31 142 0 30 255 255 64;
44 143 0 30 255 255 64;
11 144 0 30 255 255 64;
21 145 0 30 255 255 64;
20 146 0 30 255 255 64;
33 147 0 30 255 255 64;
21 148 0 30 255 255 64;
33 149 0 30 255 255 64;
33 150 0 30 255 255 64;
46 151 0 30 255 255 64;
21 152 0 30 255 255 64;
33 153 0 30 255 255 64;
31 154 0 30 255 255 64;
44 155 0 30 255 255 64;
33 156 0 30 255 255 64;
46 157 0 30 255 255 64;
44 158 0 30 255 255 64;
59 159 0 30 255 255 64;
10 160 0 30 255 255 64;
20 161 0 30 255 255 64;
17 162 0 30 255 255 64;
31 163 0 30 255 255 64;
21 164 0 30 255 255 64;
32 165 0 30 255 255 64;
31 166 0 30 255 255 64;
44 167 0 30 255 255 64;
17 168 0 30 255 255 64;
31 169 0 30 255 255 64;
26 170 0 30 255 255 64;
42 171 0 30 255 255 64;
31 172 0 30 255 255 64;
45 173 0 30 255 255 64;
42 174 0 30 255 255 64;
55 175 0 30 255 255 64;
20 176 0 30 255 255 64;
34 177 0 30 255 255 64;
31 178 0 30 255 255 64;
45 179 0 30 255 255 64;
33 180 0 30 255 255 64;
46 181 0 30 255 255 64;
45 182 0 30 255 255 64;
59 183 0 30 255 255 64;
31 184 0 30 255 255 64;
45 185 0 30 255 255 64;
42 186 0 30 255 255 64;
57 187 0 30 255 255 64;
45 188 0 30 255 255 64;
59 189 0 30 255 255 64;
57 190 0 30 255 255 64;
71 191 0 30 255 255 64;
12 192 0 30 255 255 64;
21 193 0 30 255 255 64;
20 194 0 30 255 255 64;
34 195 0 30 255 255 64;
21 196 0 30 255 255 64;
33 197 0 30 255 255 64;
33 198 0 30 255 255 64;
47 199 0 30 255 255 64;
19 200 0 30 255 255 64;
34 201 0 30 255 255 64;
31 202 0 30 255 255 64;
45 203 0 30 255 255 64;
34 204 0 30 255 255 64;
46 205 0 30 255 255 64;
45 206 0 30 255 255 64;
59 207 0 30 255 255 64;
21 208 0 30 255 255 64;
33 209 0 30 255 255 64;
34 210 0 30 255 255 64;
46 211 0 30 255 255 64;
34 212 0 30 255 255 64;
46 213 0 30 255 255 64;
47 214 0 30 255 255 64;
61 215 0 30 255 255 64;
34 216 0 30 255 255 64;
47 217 0 30 255 255 64;
45 218 0 30 255 255 64;
60 219 0 30 255 255 64;
48 220 0 30 255 255 64;
60 221 0 30 255 255 64;
60 222 0 30 255 255 64;
73 223 0 30 255 255 64;
20 224 0 30 255 255 64;
33 225 0 30 255 255 64;
31 226 0 30 255 255 64;
45 227 0 30 255 255 64;
34 228 0 30 255 255 64;
47 229 0 30 255 255 64;
46 230 0 30 255 255 64;
59 231 0 30 255 255 64;
31 232 0 30 255 255 64;
45 233 0 30 255 255 64;
42 234 0 30 255 255 64;
56 235 0 30 255 255 64;
46 236 0 30 255 255 64;
60 237 0 30 255 255 64;
57 238 0 30 255 255 64;
72 239 0 30 255 255 64;
34 240 0 30 255 255 64;
47 241 0 30 255 255 64;
45 242 0 30 255 255 64;
60 243 0 30 255 255 64;
48 244 0 30 255 255 64;
61 245 0 30 255 255 64;
60 246 0 30 255 255 64;
74 247 0 30 255 255 64;
46 248 0 30 255 255 64;
60 249 0 30 255 255 64;
57 250 0 30 255 255 64;
72 251 0 30 255 255 64;
61 252 0 30 255 255 64;
75 253 0 30 255 255 64;
72 254 0 30 255 255 64;
86 255 0 30 255 255 64;
]; % EOF
