% 106/80L
% chanspec: 0xe06a
% tssi-idle_tssi    ipa     txlpf   pga     pad     txgm    bbmult   
tssi_ipa(:,:,6,2) = [ ...
-415 0 0 0 0 0 0; ... % idle_tssi
4 0 0 30 255 255 64;
7 1 0 30 255 255 64;
9 2 0 30 255 255 64;
16 3 0 30 255 255 64;
7 4 0 30 255 255 64;
16 5 0 30 255 255 64;
18 6 0 30 255 255 64;
31 7 0 30 255 255 64;
7 8 0 30 255 255 64;
17 9 0 30 255 255 64;
17 10 0 30 255 255 64;
30 11 0 30 255 255 64;
17 12 0 30 255 255 64;
32 13 0 30 255 255 64;
29 14 0 30 255 255 64;
48 15 0 30 255 255 64;
7 16 0 30 255 255 64;
16 17 0 30 255 255 64;
16 18 0 30 255 255 64;
29 19 0 30 255 255 64;
15 20 0 30 255 255 64;
30 21 0 30 255 255 64;
28 22 0 30 255 255 64;
45 23 0 30 255 255 64;
17 24 0 30 255 255 64;
30 25 0 30 255 255 64;
28 26 0 30 255 255 64;
45 27 0 30 255 255 64;
30 28 0 30 255 255 64;
48 29 0 30 255 255 64;
45 30 0 30 255 255 64;
65 31 0 30 255 255 64;
8 32 0 30 255 255 64;
16 33 0 30 255 255 64;
17 34 0 30 255 255 64;
30 35 0 30 255 255 64;
17 36 0 30 255 255 64;
32 37 0 30 255 255 64;
30 38 0 30 255 255 64;
48 39 0 30 255 255 64;
17 40 0 30 255 255 64;
32 41 0 30 255 255 64;
28 42 0 30 255 255 64;
45 43 0 30 255 255 64;
31 44 0 30 255 255 64;
48 45 0 30 255 255 64;
46 46 0 30 255 255 64;
67 47 0 30 255 255 64;
17 48 0 30 255 255 64;
31 49 0 30 255 255 64;
29 50 0 30 255 255 64;
47 51 0 30 255 255 64;
31 52 0 30 255 255 64;
48 53 0 30 255 255 64;
47 54 0 30 255 255 64;
67 55 0 30 255 255 64;
28 56 0 30 255 255 64;
46 57 0 30 255 255 64;
44 58 0 30 255 255 64;
63 59 0 30 255 255 64;
47 60 0 30 255 255 64;
67 61 0 30 255 255 64;
65 62 0 30 255 255 64;
86 63 0 30 255 255 64;
6 64 0 30 255 255 64;
15 65 0 30 255 255 64;
16 66 0 30 255 255 64;
29 67 0 30 255 255 64;
16 68 0 30 255 255 64;
28 69 0 30 255 255 64;
29 70 0 30 255 255 64;
45 71 0 30 255 255 64;
15 72 0 30 255 255 64;
28 73 0 30 255 255 64;
27 74 0 30 255 255 64;
44 75 0 30 255 255 64;
29 76 0 30 255 255 64;
46 77 0 30 255 255 64;
45 78 0 30 255 255 64;
65 79 0 30 255 255 64;
16 80 0 30 255 255 64;
28 81 0 30 255 255 64;
28 82 0 30 255 255 64;
44 83 0 30 255 255 64;
28 84 0 30 255 255 64;
45 85 0 30 255 255 64;
43 86 0 30 255 255 64;
64 87 0 30 255 255 64;
28 88 0 30 255 255 64;
45 89 0 30 255 255 64;
45 90 0 30 255 255 64;
64 91 0 30 255 255 64;
45 92 0 30 255 255 64;
64 93 0 30 255 255 64;
63 94 0 30 255 255 64;
86 95 0 30 255 255 64;
17 96 0 30 255 255 64;
30 97 0 30 255 255 64;
27 98 0 30 255 255 64;
45 99 0 30 255 255 64;
30 100 0 30 255 255 64;
46 101 0 30 255 255 64;
46 102 0 30 255 255 64;
65 103 0 30 255 255 64;
28 104 0 30 255 255 64;
47 105 0 30 255 255 64;
44 106 0 30 255 255 64;
64 107 0 30 255 255 64;
47 108 0 30 255 255 64;
67 109 0 30 255 255 64;
64 110 0 30 255 255 64;
86 111 0 30 255 255 64;
29 112 0 30 255 255 64;
46 113 0 30 255 255 64;
44 114 0 30 255 255 64;
64 115 0 30 255 255 64;
47 116 0 30 255 255 64;
65 117 0 30 255 255 64;
64 118 0 30 255 255 64;
86 119 0 30 255 255 64;
46 120 0 30 255 255 64;
65 121 0 30 255 255 64;
62 122 0 30 255 255 64;
84 123 0 30 255 255 64;
65 124 0 30 255 255 64;
87 125 0 30 255 255 64;
85 126 0 30 255 255 64;
107 127 0 30 255 255 64;
7 128 0 30 255 255 64;
17 129 0 30 255 255 64;
17 130 0 30 255 255 64;
29 131 0 30 255 255 64;
16 132 0 30 255 255 64;
31 133 0 30 255 255 64;
29 134 0 30 255 255 64;
47 135 0 30 255 255 64;
17 136 0 30 255 255 64;
31 137 0 30 255 255 64;
29 138 0 30 255 255 64;
46 139 0 30 255 255 64;
31 140 0 30 255 255 64;
48 141 0 30 255 255 64;
46 142 0 30 255 255 64;
67 143 0 30 255 255 64;
16 144 0 30 255 255 64;
29 145 0 30 255 255 64;
29 146 0 30 255 255 64;
46 147 0 30 255 255 64;
29 148 0 30 255 255 64;
46 149 0 30 255 255 64;
45 150 0 30 255 255 64;
65 151 0 30 255 255 64;
30 152 0 30 255 255 64;
46 153 0 30 255 255 64;
44 154 0 30 255 255 64;
64 155 0 30 255 255 64;
47 156 0 30 255 255 64;
67 157 0 30 255 255 64;
64 158 0 30 255 255 64;
86 159 0 30 255 255 64;
18 160 0 30 255 255 64;
32 161 0 30 255 255 64;
30 162 0 30 255 255 64;
46 163 0 30 255 255 64;
31 164 0 30 255 255 64;
51 165 0 30 255 255 64;
46 166 0 30 255 255 64;
66 167 0 30 255 255 64;
30 168 0 30 255 255 64;
47 169 0 30 255 255 64;
45 170 0 30 255 255 64;
64 171 0 30 255 255 64;
47 172 0 30 255 255 64;
67 173 0 30 255 255 64;
65 174 0 30 255 255 64;
86 175 0 30 255 255 64;
30 176 0 30 255 255 64;
46 177 0 30 255 255 64;
45 178 0 30 255 255 64;
64 179 0 30 255 255 64;
48 180 0 30 255 255 64;
68 181 0 30 255 255 64;
66 182 0 30 255 255 64;
88 183 0 30 255 255 64;
46 184 0 30 255 255 64;
65 185 0 30 255 255 64;
63 186 0 30 255 255 64;
84 187 0 30 255 255 64;
66 188 0 30 255 255 64;
88 189 0 30 255 255 64;
85 190 0 30 255 255 64;
108 191 0 30 255 255 64;
15 192 0 30 255 255 64;
29 193 0 30 255 255 64;
28 194 0 30 255 255 64;
45 195 0 30 255 255 64;
28 196 0 30 255 255 64;
47 197 0 30 255 255 64;
45 198 0 30 255 255 64;
65 199 0 30 255 255 64;
29 200 0 30 255 255 64;
47 201 0 30 255 255 64;
44 202 0 30 255 255 64;
63 203 0 30 255 255 64;
46 204 0 30 255 255 64;
66 205 0 30 255 255 64;
65 206 0 30 255 255 64;
86 207 0 30 255 255 64;
28 208 0 30 255 255 64;
46 209 0 30 255 255 64;
44 210 0 30 255 255 64;
65 211 0 30 255 255 64;
46 212 0 30 255 255 64;
65 213 0 30 255 255 64;
64 214 0 30 255 255 64;
85 215 0 30 255 255 64;
45 216 0 30 255 255 64;
65 217 0 30 255 255 64;
62 218 0 30 255 255 64;
85 219 0 30 255 255 64;
66 220 0 30 255 255 64;
87 221 0 30 255 255 64;
85 222 0 30 255 255 64;
107 223 0 30 255 255 64;
30 224 0 30 255 255 64;
46 225 0 30 255 255 64;
44 226 0 30 255 255 64;
65 227 0 30 255 255 64;
47 228 0 30 255 255 64;
67 229 0 30 255 255 64;
64 230 0 30 255 255 64;
87 231 0 30 255 255 64;
45 232 0 30 255 255 64;
65 233 0 30 255 255 64;
61 234 0 30 255 255 64;
84 235 0 30 255 255 64;
65 236 0 30 255 255 64;
87 237 0 30 255 255 64;
85 238 0 30 255 255 64;
107 239 0 30 255 255 64;
46 240 0 30 255 255 64;
66 241 0 30 255 255 64;
64 242 0 30 255 255 64;
85 243 0 30 255 255 64;
66 244 0 30 255 255 64;
88 245 0 30 255 255 64;
84 246 0 30 255 255 64;
108 247 0 30 255 255 64;
65 248 0 30 255 255 64;
87 249 0 30 255 255 64;
83 250 0 30 255 255 64;
107 251 0 30 255 255 64;
86 252 0 30 255 255 64;
109 253 0 30 255 255 64;
106 254 0 30 255 255 64;
130 255 0 30 255 255 64;
]; % EOF
