% 7/80L
% chanspec: 0x2007
% tssi-idle_tssi    ipa     txlpf   pga     pad     txgm    bbmult   
tssi_ipa(:,:,3,1) = [ ...
-288 0 0 0 0 0 0; ... % idle_tssi
0 0 0 30 255 255 64;
4 1 0 30 255 255 64;
2 2 0 30 255 255 64;
10 3 0 30 255 255 64;
3 4 0 30 255 255 64;
10 5 0 30 255 255 64;
11 6 0 30 255 255 64;
20 7 0 30 255 255 64;
4 8 0 30 255 255 64;
11 9 0 30 255 255 64;
9 10 0 30 255 255 64;
20 11 0 30 255 255 64;
11 12 0 30 255 255 64;
21 13 0 30 255 255 64;
20 14 0 30 255 255 64;
32 15 0 30 255 255 64;
4 16 0 30 255 255 64;
10 17 0 30 255 255 64;
10 18 0 30 255 255 64;
21 19 0 30 255 255 64;
10 20 0 30 255 255 64;
20 21 0 30 255 255 64;
21 22 0 30 255 255 64;
34 23 0 30 255 255 64;
11 24 0 30 255 255 64;
21 25 0 30 255 255 64;
20 26 0 30 255 255 64;
33 27 0 30 255 255 64;
21 28 0 30 255 255 64;
34 29 0 30 255 255 64;
33 30 0 30 255 255 64;
46 31 0 30 255 255 64;
3 32 0 30 255 255 64;
11 33 0 30 255 255 64;
9 34 0 30 255 255 64;
20 35 0 30 255 255 64;
11 36 0 30 255 255 64;
21 37 0 30 255 255 64;
20 38 0 30 255 255 64;
32 39 0 30 255 255 64;
10 40 0 30 255 255 64;
21 41 0 30 255 255 64;
17 42 0 30 255 255 64;
31 43 0 30 255 255 64;
21 44 0 30 255 255 64;
33 45 0 30 255 255 64;
31 46 0 30 255 255 64;
44 47 0 30 255 255 64;
11 48 0 30 255 255 64;
21 49 0 30 255 255 64;
20 50 0 30 255 255 64;
33 51 0 30 255 255 64;
21 52 0 30 255 255 64;
33 53 0 30 255 255 64;
33 54 0 30 255 255 64;
46 55 0 30 255 255 64;
19 56 0 30 255 255 64;
34 57 0 30 255 255 64;
30 58 0 30 255 255 64;
45 59 0 30 255 255 64;
33 60 0 30 255 255 64;
46 61 0 30 255 255 64;
44 62 0 30 255 255 64;
59 63 0 30 255 255 64;
4 64 0 30 255 255 64;
10 65 0 30 255 255 64;
11 66 0 30 255 255 64;
21 67 0 30 255 255 64;
11 68 0 30 255 255 64;
19 69 0 30 255 255 64;
22 70 0 30 255 255 64;
33 71 0 30 255 255 64;
10 72 0 30 255 255 64;
21 73 0 30 255 255 64;
20 74 0 30 255 255 64;
33 75 0 30 255 255 64;
22 76 0 30 255 255 64;
33 77 0 30 255 255 64;
33 78 0 30 255 255 64;
46 79 0 30 255 255 64;
10 80 0 30 255 255 64;
20 81 0 30 255 255 64;
21 82 0 30 255 255 64;
34 83 0 30 255 255 64;
21 84 0 30 255 255 64;
31 85 0 30 255 255 64;
34 86 0 30 255 255 64;
47 87 0 30 255 255 64;
21 88 0 30 255 255 64;
34 89 0 30 255 255 64;
33 90 0 30 255 255 64;
47 91 0 30 255 255 64;
34 92 0 30 255 255 64;
47 93 0 30 255 255 64;
47 94 0 30 255 255 64;
60 95 0 30 255 255 64;
11 96 0 30 255 255 64;
22 97 0 30 255 255 64;
20 98 0 30 255 255 64;
33 99 0 30 255 255 64;
22 100 0 30 255 255 64;
34 101 0 30 255 255 64;
33 102 0 30 255 255 64;
46 103 0 30 255 255 64;
20 104 0 30 255 255 64;
33 105 0 30 255 255 64;
30 106 0 30 255 255 64;
45 107 0 30 255 255 64;
33 108 0 30 255 255 64;
47 109 0 30 255 255 64;
45 110 0 30 255 255 64;
59 111 0 30 255 255 64;
22 112 0 30 255 255 64;
34 113 0 30 255 255 64;
34 114 0 30 255 255 64;
47 115 0 30 255 255 64;
35 116 0 30 255 255 64;
48 117 0 30 255 255 64;
49 118 0 30 255 255 64;
61 119 0 30 255 255 64;
34 120 0 30 255 255 64;
48 121 0 30 255 255 64;
45 122 0 30 255 255 64;
59 123 0 30 255 255 64;
48 124 0 30 255 255 64;
62 125 0 30 255 255 64;
60 126 0 30 255 255 64;
74 127 0 30 255 255 64;
4 128 0 30 255 255 64;
10 129 0 30 255 255 64;
10 130 0 30 255 255 64;
21 131 0 30 255 255 64;
11 132 0 30 255 255 64;
21 133 0 30 255 255 64;
20 134 0 30 255 255 64;
33 135 0 30 255 255 64;
9 136 0 30 255 255 64;
21 137 0 30 255 255 64;
17 138 0 30 255 255 64;
31 139 0 30 255 255 64;
21 140 0 30 255 255 64;
33 141 0 30 255 255 64;
31 142 0 30 255 255 64;
45 143 0 30 255 255 64;
11 144 0 30 255 255 64;
22 145 0 30 255 255 64;
20 146 0 30 255 255 64;
32 147 0 30 255 255 64;
21 148 0 30 255 255 64;
33 149 0 30 255 255 64;
33 150 0 30 255 255 64;
47 151 0 30 255 255 64;
21 152 0 30 255 255 64;
34 153 0 30 255 255 64;
32 154 0 30 255 255 64;
45 155 0 30 255 255 64;
34 156 0 30 255 255 64;
47 157 0 30 255 255 64;
46 158 0 30 255 255 64;
59 159 0 30 255 255 64;
10 160 0 30 255 255 64;
21 161 0 30 255 255 64;
17 162 0 30 255 255 64;
31 163 0 30 255 255 64;
20 164 0 30 255 255 64;
33 165 0 30 255 255 64;
30 166 0 30 255 255 64;
45 167 0 30 255 255 64;
18 168 0 30 255 255 64;
32 169 0 30 255 255 64;
27 170 0 30 255 255 64;
42 171 0 30 255 255 64;
31 172 0 30 255 255 64;
45 173 0 30 255 255 64;
43 174 0 30 255 255 64;
57 175 0 30 255 255 64;
21 176 0 30 255 255 64;
33 177 0 30 255 255 64;
32 178 0 30 255 255 64;
45 179 0 30 255 255 64;
33 180 0 30 255 255 64;
47 181 0 30 255 255 64;
46 182 0 30 255 255 64;
59 183 0 30 255 255 64;
32 184 0 30 255 255 64;
45 185 0 30 255 255 64;
42 186 0 30 255 255 64;
57 187 0 30 255 255 64;
46 188 0 30 255 255 64;
60 189 0 30 255 255 64;
57 190 0 30 255 255 64;
71 191 0 30 255 255 64;
11 192 0 30 255 255 64;
22 193 0 30 255 255 64;
20 194 0 30 255 255 64;
34 195 0 30 255 255 64;
22 196 0 30 255 255 64;
33 197 0 30 255 255 64;
33 198 0 30 255 255 64;
47 199 0 30 255 255 64;
20 200 0 30 255 255 64;
34 201 0 30 255 255 64;
30 202 0 30 255 255 64;
45 203 0 30 255 255 64;
33 204 0 30 255 255 64;
47 205 0 30 255 255 64;
45 206 0 30 255 255 64;
59 207 0 30 255 255 64;
21 208 0 30 255 255 64;
35 209 0 30 255 255 64;
35 210 0 30 255 255 64;
47 211 0 30 255 255 64;
34 212 0 30 255 255 64;
47 213 0 30 255 255 64;
47 214 0 30 255 255 64;
61 215 0 30 255 255 64;
35 216 0 30 255 255 64;
48 217 0 30 255 255 64;
45 218 0 30 255 255 64;
60 219 0 30 255 255 64;
49 220 0 30 255 255 64;
62 221 0 30 255 255 64;
60 222 0 30 255 255 64;
74 223 0 30 255 255 64;
21 224 0 30 255 255 64;
34 225 0 30 255 255 64;
32 226 0 30 255 255 64;
47 227 0 30 255 255 64;
35 228 0 30 255 255 64;
48 229 0 30 255 255 64;
46 230 0 30 255 255 64;
61 231 0 30 255 255 64;
32 232 0 30 255 255 64;
46 233 0 30 255 255 64;
42 234 0 30 255 255 64;
57 235 0 30 255 255 64;
46 236 0 30 255 255 64;
61 237 0 30 255 255 64;
58 238 0 30 255 255 64;
72 239 0 30 255 255 64;
34 240 0 30 255 255 64;
48 241 0 30 255 255 64;
46 242 0 30 255 255 64;
61 243 0 30 255 255 64;
49 244 0 30 255 255 64;
62 245 0 30 255 255 64;
61 246 0 30 255 255 64;
75 247 0 30 255 255 64;
46 248 0 30 255 255 64;
60 249 0 30 255 255 64;
59 250 0 30 255 255 64;
73 251 0 30 255 255 64;
62 252 0 30 255 255 64;
76 253 0 30 255 255 64;
73 254 0 30 255 255 64;
88 255 0 30 255 255 64;
]; % EOF
