% 7/20
% chanspec: 0x1007
% tssi-idle_tssi    ipa     txlpf   pga     pad     txgm    bbmult   
tssi_7_20 = [ ...
  -298 0 0 0 0 0 0; ... % idle_tssi
  729 255 0 255 255 255 51; ... % tssi[0]
  727 255 0 255 255 255 49; ... % tssi[1]
  727 255 0 255 255 255 48; ... % tssi[2]
  723 255 0 247 255 255 48; ... % tssi[3]
  719 255 0 238 255 255 48; ... % tssi[4]
  718 255 0 230 255 255 48; ... % tssi[5]
  715 255 0 223 255 255 48; ... % tssi[6]
  710 255 0 215 255 255 48; ... % tssi[7]
  706 255 0 207 255 255 47; ... % tssi[8]
  702 255 0 201 255 255 47; ... % tssi[9]
  698 255 0 194 255 255 48; ... % tssi[10]
  693 255 0 187 255 255 48; ... % tssi[11]
  689 255 0 182 255 255 49; ... % tssi[12]
  684 255 0 177 255 255 48; ... % tssi[13]
  675 255 0 170 255 255 48; ... % tssi[14]
  668 255 0 165 255 255 48; ... % tssi[15]
  660 255 0 160 255 255 48; ... % tssi[16]
  652 255 0 155 255 255 48; ... % tssi[17]
  641 255 0 149 255 255 48; ... % tssi[18]
  631 255 0 145 255 255 48; ... % tssi[19]
  627 255 0 141 255 255 48; ... % tssi[20]
  611 255 0 136 255 255 48; ... % tssi[21]
  604 255 0 133 255 255 48; ... % tssi[22]
  590 255 0 128 255 255 48; ... % tssi[23]
  575 255 0 124 255 255 47; ... % tssi[24]
  560 255 0 120 255 255 47; ... % tssi[25]
  547 255 0 117 255 255 48; ... % tssi[26]
  529 255 0 113 255 255 48; ... % tssi[27]
  523 255 0 110 255 255 48; ... % tssi[28]
  506 255 0 106 255 255 47; ... % tssi[29]
  490 255 0 103 255 255 48; ... % tssi[30]
  477 255 0 100 255 255 48; ... % tssi[31]
  462 255 0 97 255 255 47; ... % tssi[32]
  444 255 0 94 255 255 48; ... % tssi[33]
  428 255 0 91 255 255 48; ... % tssi[34]
  412 255 0 88 255 255 48; ... % tssi[35]
  401 255 0 86 255 255 48; ... % tssi[36]
  383 255 0 83 255 255 48; ... % tssi[37]
  371 255 0 81 255 255 48; ... % tssi[38]
  360 255 0 78 255 255 48; ... % tssi[39]
  346 255 0 76 255 255 48; ... % tssi[40]
  335 255 0 74 255 255 48; ... % tssi[41]
  322 255 0 72 255 255 48; ... % tssi[42]
  309 255 0 70 255 255 48; ... % tssi[43]
  297 255 0 68 255 255 48; ... % tssi[44]
  277 255 0 65 255 255 48; ... % tssi[45]
  272 255 0 63 255 255 48; ... % tssi[46]
  260 255 0 61 255 255 48; ... % tssi[47]
  245 255 0 59 255 255 47; ... % tssi[48]
  240 255 0 58 255 255 47; ... % tssi[49]
  228 255 0 56 255 255 47; ... % tssi[50]
  221 255 0 55 255 255 47; ... % tssi[51]
  208 255 0 53 255 255 48; ... % tssi[52]
  194 255 0 51 255 255 48; ... % tssi[53]
  188 255 0 50 255 255 48; ... % tssi[54]
  175 255 0 48 255 255 48; ... % tssi[55]
  174 255 0 47 255 255 48; ... % tssi[56]
  168 255 0 46 255 255 47; ... % tssi[57]
  155 255 0 44 255 255 48; ... % tssi[58]
  149 255 0 43 255 255 48; ... % tssi[59]
  142 255 0 42 255 255 47; ... % tssi[60]
  131 255 0 40 255 255 48; ... % tssi[61]
  124 255 0 39 255 255 48; ... % tssi[62]
  125 255 0 39 255 255 47; ... % tssi[63]
  113 255 0 37 255 255 48; ... % tssi[64]
  107 255 0 36 255 255 48; ... % tssi[65]
  100 255 0 35 255 255 48; ... % tssi[66]
  94 255 0 34 255 255 48; ... % tssi[67]
  90 255 0 33 255 255 48; ... % tssi[68]
  85 255 0 32 255 255 48; ... % tssi[69]
  78 255 0 31 255 255 48; ... % tssi[70]
  72 255 0 30 255 255 48; ... % tssi[71]
  67 255 0 29 255 255 47; ... % tssi[72]
  64 255 0 28 255 255 48; ... % tssi[73]
  57 255 0 27 255 255 48; ... % tssi[74]
  53 255 0 26 255 255 48; ... % tssi[75]
  49 255 0 25 255 255 48; ... % tssi[76]
  49 255 0 25 255 255 48; ... % tssi[77]
  45 255 0 24 255 255 47; ... % tssi[78]
  41 255 0 23 255 255 48; ... % tssi[79]
  40 255 0 23 255 255 47; ... % tssi[80]
  38 255 0 22 255 255 48; ... % tssi[81]
  35 255 0 21 255 255 48; ... % tssi[82]
  35 255 0 21 255 255 47; ... % tssi[83]
  31 255 0 20 255 255 48; ... % tssi[84]
  30 255 0 20 255 255 47; ... % tssi[85]
  28 255 0 19 255 255 48; ... % tssi[86]
  25 255 0 18 255 255 49; ... % tssi[87]
  25 255 0 18 255 255 48; ... % tssi[88]
  21 255 0 17 255 255 49; ... % tssi[89]
  22 255 0 17 255 255 48; ... % tssi[90]
  18 255 0 16 255 255 48; ... % tssi[91]
  18 255 0 16 255 255 46; ... % tssi[92]
  20 255 0 15 255 255 47; ... % tssi[93]
  20 255 0 15 255 255 46; ... % tssi[94]
  16 255 0 14 255 255 48; ... % tssi[95]
  15 255 0 14 255 255 47; ... % tssi[96]
  17 255 0 14 255 255 45; ... % tssi[97]
  14 255 0 13 255 255 46; ... % tssi[98]
  15 255 0 13 255 255 44; ... % tssi[99]
  13 255 0 12 255 255 44; ... % tssi[100]
  13 255 0 12 255 255 43; ... % tssi[101]
  14 255 0 12 255 255 42; ... % tssi[102]
  11 255 0 11 255 255 44; ... % tssi[103]
  12 255 0 11 255 255 43; ... % tssi[104]
  8 255 0 10 255 255 44; ... % tssi[105]
  8 255 0 10 255 255 43; ... % tssi[106]
  10 255 0 10 255 255 42; ... % tssi[107]
  8 255 0 9 255 255 44; ... % tssi[108]
  7 255 0 9 255 255 43; ... % tssi[109]
  8 255 0 9 255 255 42; ... % tssi[110]
  8 255 0 9 255 255 41; ... % tssi[111]
  6 255 0 8 255 255 44; ... % tssi[112]
  8 255 0 8 255 255 42; ... % tssi[113]
  6 255 0 8 255 255 41; ... % tssi[114]
  6 255 0 8 255 255 39; ... % tssi[115]
  6 255 0 7 255 255 41; ... % tssi[116]
  5 255 0 7 255 255 40; ... % tssi[117]
  6 255 0 7 255 255 39; ... % tssi[118]
  6 255 0 7 255 255 38; ... % tssi[119]
  7 255 0 7 255 255 37; ... % tssi[120]
  5 255 0 6 255 255 36; ... % tssi[121]
  4 255 0 6 255 255 35; ... % tssi[122]
  5 255 0 6 255 255 34; ... % tssi[123]
  6 255 0 6 255 255 33; ... % tssi[124]
  5 255 0 6 255 255 32; ... % tssi[125]
  3 255 0 5 255 255 31; ... % tssi[126]
  3 255 0 5 255 255 28; ... % tssi[127]
];