% 7/20
% chanspec: 0x1007
% tssi-idle_tssi    ipa     txlpf   pga     pad     txgm    bbmult   
tssi_7_20 = [ ...
  -295 0 0 0 0 0 0; ... % idle_tssi
  725 255 0 255 255 255 51; ... % tssi[0]
  725 255 0 255 255 255 49; ... % tssi[1]
  724 255 0 255 255 255 48; ... % tssi[2]
  720 255 0 247 255 255 48; ... % tssi[3]
  716 255 0 238 255 255 48; ... % tssi[4]
  713 255 0 230 255 255 48; ... % tssi[5]
  711 255 0 223 255 255 48; ... % tssi[6]
  706 255 0 215 255 255 48; ... % tssi[7]
  704 255 0 207 255 255 47; ... % tssi[8]
  700 255 0 201 255 255 47; ... % tssi[9]
  693 255 0 194 255 255 48; ... % tssi[10]
  689 255 0 187 255 255 48; ... % tssi[11]
  685 255 0 182 255 255 49; ... % tssi[12]
  680 255 0 177 255 255 48; ... % tssi[13]
  673 255 0 170 255 255 48; ... % tssi[14]
  665 255 0 165 255 255 48; ... % tssi[15]
  657 255 0 160 255 255 48; ... % tssi[16]
  648 255 0 155 255 255 48; ... % tssi[17]
  638 255 0 149 255 255 48; ... % tssi[18]
  629 255 0 145 255 255 48; ... % tssi[19]
  622 255 0 141 255 255 48; ... % tssi[20]
  608 255 0 136 255 255 48; ... % tssi[21]
  602 255 0 133 255 255 48; ... % tssi[22]
  590 255 0 128 255 255 48; ... % tssi[23]
  571 255 0 124 255 255 47; ... % tssi[24]
  557 255 0 120 255 255 47; ... % tssi[25]
  545 255 0 117 255 255 48; ... % tssi[26]
  528 255 0 113 255 255 48; ... % tssi[27]
  520 255 0 110 255 255 48; ... % tssi[28]
  502 255 0 106 255 255 47; ... % tssi[29]
  489 255 0 103 255 255 48; ... % tssi[30]
  476 255 0 100 255 255 48; ... % tssi[31]
  459 255 0 97 255 255 47; ... % tssi[32]
  443 255 0 94 255 255 48; ... % tssi[33]
  427 255 0 91 255 255 48; ... % tssi[34]
  409 255 0 88 255 255 48; ... % tssi[35]
  398 255 0 86 255 255 48; ... % tssi[36]
  380 255 0 83 255 255 48; ... % tssi[37]
  366 255 0 81 255 255 48; ... % tssi[38]
  356 255 0 78 255 255 48; ... % tssi[39]
  343 255 0 76 255 255 48; ... % tssi[40]
  332 255 0 74 255 255 48; ... % tssi[41]
  317 255 0 72 255 255 48; ... % tssi[42]
  307 255 0 70 255 255 48; ... % tssi[43]
  293 255 0 68 255 255 48; ... % tssi[44]
  273 255 0 65 255 255 48; ... % tssi[45]
  270 255 0 63 255 255 48; ... % tssi[46]
  257 255 0 61 255 255 48; ... % tssi[47]
  243 255 0 59 255 255 47; ... % tssi[48]
  238 255 0 58 255 255 47; ... % tssi[49]
  222 255 0 56 255 255 47; ... % tssi[50]
  217 255 0 55 255 255 47; ... % tssi[51]
  204 255 0 53 255 255 48; ... % tssi[52]
  190 255 0 51 255 255 48; ... % tssi[53]
  186 255 0 50 255 255 48; ... % tssi[54]
  172 255 0 48 255 255 48; ... % tssi[55]
  169 255 0 47 255 255 48; ... % tssi[56]
  163 255 0 46 255 255 47; ... % tssi[57]
  154 255 0 44 255 255 48; ... % tssi[58]
  144 255 0 43 255 255 48; ... % tssi[59]
  140 255 0 42 255 255 47; ... % tssi[60]
  125 255 0 40 255 255 48; ... % tssi[61]
  121 255 0 39 255 255 48; ... % tssi[62]
  121 255 0 39 255 255 47; ... % tssi[63]
  110 255 0 37 255 255 48; ... % tssi[64]
  104 255 0 36 255 255 48; ... % tssi[65]
  99 255 0 35 255 255 48; ... % tssi[66]
  93 255 0 34 255 255 48; ... % tssi[67]
  86 255 0 33 255 255 48; ... % tssi[68]
  81 255 0 32 255 255 48; ... % tssi[69]
  75 255 0 31 255 255 48; ... % tssi[70]
  70 255 0 30 255 255 48; ... % tssi[71]
  65 255 0 29 255 255 47; ... % tssi[72]
  59 255 0 28 255 255 48; ... % tssi[73]
  54 255 0 27 255 255 48; ... % tssi[74]
  49 255 0 26 255 255 48; ... % tssi[75]
  46 255 0 25 255 255 48; ... % tssi[76]
  45 255 0 25 255 255 48; ... % tssi[77]
  42 255 0 24 255 255 47; ... % tssi[78]
  39 255 0 23 255 255 48; ... % tssi[79]
  37 255 0 23 255 255 47; ... % tssi[80]
  34 255 0 22 255 255 48; ... % tssi[81]
  31 255 0 21 255 255 48; ... % tssi[82]
  31 255 0 21 255 255 47; ... % tssi[83]
  27 255 0 20 255 255 48; ... % tssi[84]
  27 255 0 20 255 255 47; ... % tssi[85]
  24 255 0 19 255 255 48; ... % tssi[86]
  21 255 0 18 255 255 49; ... % tssi[87]
  21 255 0 18 255 255 48; ... % tssi[88]
  19 255 0 17 255 255 49; ... % tssi[89]
  19 255 0 17 255 255 48; ... % tssi[90]
  17 255 0 16 255 255 48; ... % tssi[91]
  15 255 0 16 255 255 46; ... % tssi[92]
  15 255 0 15 255 255 47; ... % tssi[93]
  16 255 0 15 255 255 46; ... % tssi[94]
  13 255 0 14 255 255 48; ... % tssi[95]
  13 255 0 14 255 255 47; ... % tssi[96]
  13 255 0 14 255 255 45; ... % tssi[97]
  12 255 0 13 255 255 46; ... % tssi[98]
  12 255 0 13 255 255 44; ... % tssi[99]
  9 255 0 12 255 255 44; ... % tssi[100]
  8 255 0 12 255 255 43; ... % tssi[101]
  10 255 0 12 255 255 42; ... % tssi[102]
  7 255 0 11 255 255 44; ... % tssi[103]
  7 255 0 11 255 255 43; ... % tssi[104]
  6 255 0 10 255 255 44; ... % tssi[105]
  6 255 0 10 255 255 43; ... % tssi[106]
  6 255 0 10 255 255 42; ... % tssi[107]
  4 255 0 9 255 255 44; ... % tssi[108]
  5 255 0 9 255 255 43; ... % tssi[109]
  4 255 0 9 255 255 42; ... % tssi[110]
  4 255 0 9 255 255 41; ... % tssi[111]
  3 255 0 8 255 255 44; ... % tssi[112]
  3 255 0 8 255 255 42; ... % tssi[113]
  4 255 0 8 255 255 41; ... % tssi[114]
  4 255 0 8 255 255 39; ... % tssi[115]
  3 255 0 7 255 255 41; ... % tssi[116]
  3 255 0 7 255 255 40; ... % tssi[117]
  2 255 0 7 255 255 39; ... % tssi[118]
  4 255 0 7 255 255 38; ... % tssi[119]
  4 255 0 7 255 255 37; ... % tssi[120]
  0 255 0 6 255 255 36; ... % tssi[121]
  2 255 0 6 255 255 35; ... % tssi[122]
  2 255 0 6 255 255 34; ... % tssi[123]
  1 255 0 6 255 255 33; ... % tssi[124]
  1 255 0 6 255 255 32; ... % tssi[125]
  2 255 0 5 255 255 31; ... % tssi[126]
  0 255 0 5 255 255 28; ... % tssi[127]
];