% 106/40L
% chanspec: 0xd86a
% tssi-idle_tssi    ipa     txlpf   pga     pad     txgm    bbmult   
tssi_ipa(:,:,5,1) = [ ...
-406 0 0 0 0 0 0; ... % idle_tssi
2 0 0 30 255 255 64;
8 1 0 30 255 255 64;
9 2 0 30 255 255 64;
17 3 0 30 255 255 64;
8 4 0 30 255 255 64;
21 5 0 30 255 255 64;
18 6 0 30 255 255 64;
36 7 0 30 255 255 64;
7 8 0 30 255 255 64;
20 9 0 30 255 255 64;
19 10 0 30 255 255 64;
33 11 0 30 255 255 64;
19 12 0 30 255 255 64;
38 13 0 30 255 255 64;
34 14 0 30 255 255 64;
56 15 0 30 255 255 64;
8 16 0 30 255 255 64;
18 17 0 30 255 255 64;
19 18 0 30 255 255 64;
34 19 0 30 255 255 64;
19 20 0 30 255 255 64;
35 21 0 30 255 255 64;
35 22 0 30 255 255 64;
53 23 0 30 255 255 64;
18 24 0 30 255 255 64;
36 25 0 30 255 255 64;
33 26 0 30 255 255 64;
55 27 0 30 255 255 64;
36 28 0 30 255 255 64;
56 29 0 30 255 255 64;
55 30 0 30 255 255 64;
78 31 0 30 255 255 64;
9 32 0 30 255 255 64;
18 33 0 30 255 255 64;
21 34 0 30 255 255 64;
35 35 0 30 255 255 64;
20 36 0 30 255 255 64;
39 37 0 30 255 255 64;
36 38 0 30 255 255 64;
57 39 0 30 255 255 64;
20 40 0 30 255 255 64;
35 41 0 30 255 255 64;
33 42 0 30 255 255 64;
54 43 0 30 255 255 64;
37 44 0 30 255 255 64;
59 45 0 30 255 255 64;
55 46 0 30 255 255 64;
78 47 0 30 255 255 64;
20 48 0 30 255 255 64;
36 49 0 30 255 255 64;
32 50 0 30 255 255 64;
55 51 0 30 255 255 64;
36 52 0 30 255 255 64;
55 53 0 30 255 255 64;
54 54 0 30 255 255 64;
77 55 0 30 255 255 64;
34 56 0 30 255 255 64;
57 57 0 30 255 255 64;
53 58 0 30 255 255 64;
75 59 0 30 255 255 64;
55 60 0 30 255 255 64;
79 61 0 30 255 255 64;
76 62 0 30 255 255 64;
101 63 0 30 255 255 64;
4 64 0 30 255 255 64;
18 65 0 30 255 255 64;
18 66 0 30 255 255 64;
34 67 0 30 255 255 64;
18 68 0 30 255 255 64;
34 69 0 30 255 255 64;
34 70 0 30 255 255 64;
53 71 0 30 255 255 64;
17 72 0 30 255 255 64;
33 73 0 30 255 255 64;
32 74 0 30 255 255 64;
53 75 0 30 255 255 64;
36 76 0 30 255 255 64;
54 77 0 30 255 255 64;
54 78 0 30 255 255 64;
77 79 0 30 255 255 64;
18 80 0 30 255 255 64;
31 81 0 30 255 255 64;
33 82 0 30 255 255 64;
52 83 0 30 255 255 64;
33 84 0 30 255 255 64;
53 85 0 30 255 255 64;
54 86 0 30 255 255 64;
74 87 0 30 255 255 64;
34 88 0 30 255 255 64;
53 89 0 30 255 255 64;
53 90 0 30 255 255 64;
74 91 0 30 255 255 64;
54 92 0 30 255 255 64;
77 93 0 30 255 255 64;
76 94 0 30 255 255 64;
100 95 0 30 255 255 64;
18 96 0 30 255 255 64;
35 97 0 30 255 255 64;
33 98 0 30 255 255 64;
53 99 0 30 255 255 64;
36 100 0 30 255 255 64;
56 101 0 30 255 255 64;
55 102 0 30 255 255 64;
78 103 0 30 255 255 64;
33 104 0 30 255 255 64;
54 105 0 30 255 255 64;
50 106 0 30 255 255 64;
76 107 0 30 255 255 64;
55 108 0 30 255 255 64;
78 109 0 30 255 255 64;
74 110 0 30 255 255 64;
101 111 0 30 255 255 64;
34 112 0 30 255 255 64;
55 113 0 30 255 255 64;
53 114 0 30 255 255 64;
76 115 0 30 255 255 64;
54 116 0 30 255 255 64;
76 117 0 30 255 255 64;
75 118 0 30 255 255 64;
101 119 0 30 255 255 64;
54 120 0 30 255 255 64;
78 121 0 30 255 255 64;
76 122 0 30 255 255 64;
98 123 0 30 255 255 64;
75 124 0 30 255 255 64;
104 125 0 30 255 255 64;
101 126 0 30 255 255 64;
125 127 0 30 255 255 64;
9 128 0 30 255 255 64;
20 129 0 30 255 255 64;
21 130 0 30 255 255 64;
33 131 0 30 255 255 64;
20 132 0 30 255 255 64;
35 133 0 30 255 255 64;
34 134 0 30 255 255 64;
56 135 0 30 255 255 64;
19 136 0 30 255 255 64;
34 137 0 30 255 255 64;
34 138 0 30 255 255 64;
54 139 0 30 255 255 64;
37 140 0 30 255 255 64;
56 141 0 30 255 255 64;
52 142 0 30 255 255 64;
79 143 0 30 255 255 64;
20 144 0 30 255 255 64;
35 145 0 30 255 255 64;
32 146 0 30 255 255 64;
55 147 0 30 255 255 64;
35 148 0 30 255 255 64;
57 149 0 30 255 255 64;
53 150 0 30 255 255 64;
76 151 0 30 255 255 64;
36 152 0 30 255 255 64;
55 153 0 30 255 255 64;
52 154 0 30 255 255 64;
74 155 0 30 255 255 64;
55 156 0 30 255 255 64;
79 157 0 30 255 255 64;
78 158 0 30 255 255 64;
100 159 0 30 255 255 64;
20 160 0 30 255 255 64;
38 161 0 30 255 255 64;
34 162 0 30 255 255 64;
55 163 0 30 255 255 64;
36 164 0 30 255 255 64;
58 165 0 30 255 255 64;
55 166 0 30 255 255 64;
78 167 0 30 255 255 64;
36 168 0 30 255 255 64;
56 169 0 30 255 255 64;
51 170 0 30 255 255 64;
74 171 0 30 255 255 64;
56 172 0 30 255 255 64;
79 173 0 30 255 255 64;
76 174 0 30 255 255 64;
102 175 0 30 255 255 64;
37 176 0 30 255 255 64;
56 177 0 30 255 255 64;
54 178 0 30 255 255 64;
77 179 0 30 255 255 64;
56 180 0 30 255 255 64;
80 181 0 30 255 255 64;
76 182 0 30 255 255 64;
101 183 0 30 255 255 64;
54 184 0 30 255 255 64;
77 185 0 30 255 255 64;
73 186 0 30 255 255 64;
100 187 0 30 255 255 64;
79 188 0 30 255 255 64;
103 189 0 30 255 255 64;
101 190 0 30 255 255 64;
127 191 0 30 255 255 64;
17 192 0 30 255 255 64;
33 193 0 30 255 255 64;
33 194 0 30 255 255 64;
53 195 0 30 255 255 64;
34 196 0 30 255 255 64;
55 197 0 30 255 255 64;
54 198 0 30 255 255 64;
75 199 0 30 255 255 64;
33 200 0 30 255 255 64;
54 201 0 30 255 255 64;
52 202 0 30 255 255 64;
74 203 0 30 255 255 64;
56 204 0 30 255 255 64;
77 205 0 30 255 255 64;
76 206 0 30 255 255 64;
101 207 0 30 255 255 64;
33 208 0 30 255 255 64;
54 209 0 30 255 255 64;
53 210 0 30 255 255 64;
76 211 0 30 255 255 64;
54 212 0 30 255 255 64;
76 213 0 30 255 255 64;
75 214 0 30 255 255 64;
102 215 0 30 255 255 64;
56 216 0 30 255 255 64;
76 217 0 30 255 255 64;
77 218 0 30 255 255 64;
100 219 0 30 255 255 64;
77 220 0 30 255 255 64;
102 221 0 30 255 255 64;
101 222 0 30 255 255 64;
125 223 0 30 255 255 64;
35 224 0 30 255 255 64;
56 225 0 30 255 255 64;
52 226 0 30 255 255 64;
77 227 0 30 255 255 64;
56 228 0 30 255 255 64;
79 229 0 30 255 255 64;
78 230 0 30 255 255 64;
103 231 0 30 255 255 64;
53 232 0 30 255 255 64;
77 233 0 30 255 255 64;
73 234 0 30 255 255 64;
99 235 0 30 255 255 64;
78 236 0 30 255 255 64;
103 237 0 30 255 255 64;
100 238 0 30 255 255 64;
126 239 0 30 255 255 64;
55 240 0 30 255 255 64;
78 241 0 30 255 255 64;
77 242 0 30 255 255 64;
102 243 0 30 255 255 64;
77 244 0 30 255 255 64;
102 245 0 30 255 255 64;
101 246 0 30 255 255 64;
127 247 0 30 255 255 64;
74 248 0 30 255 255 64;
100 249 0 30 255 255 64;
98 250 0 30 255 255 64;
125 251 0 30 255 255 64;
102 252 0 30 255 255 64;
128 253 0 30 255 255 64;
125 254 0 30 255 255 64;
150 255 0 30 255 255 64;
]; % EOF
