% 7/40L
% chanspec: 0x1807
% tssi-idle_tssi    ipa     txlpf   pga     pad     txgm    bbmult   
tssi_ipa(:,:,2,3) = [ ...
-283 0 0 0 0 0 0; ... % idle_tssi
2 0 0 30 255 255 64;
6 1 0 30 255 255 64;
5 2 0 30 255 255 64;
13 3 0 30 255 255 64;
6 4 0 30 255 255 64;
12 5 0 30 255 255 64;
13 6 0 30 255 255 64;
27 7 0 30 255 255 64;
5 8 0 30 255 255 64;
13 9 0 30 255 255 64;
13 10 0 30 255 255 64;
24 11 0 30 255 255 64;
16 12 0 30 255 255 64;
25 13 0 30 255 255 64;
25 14 0 30 255 255 64;
40 15 0 30 255 255 64;
4 16 0 30 255 255 64;
13 17 0 30 255 255 64;
14 18 0 30 255 255 64;
27 19 0 30 255 255 64;
13 20 0 30 255 255 64;
24 21 0 30 255 255 64;
28 22 0 30 255 255 64;
41 23 0 30 255 255 64;
15 24 0 30 255 255 64;
25 25 0 30 255 255 64;
24 26 0 30 255 255 64;
39 27 0 30 255 255 64;
27 28 0 30 255 255 64;
42 29 0 30 255 255 64;
40 30 0 30 255 255 64;
55 31 0 30 255 255 64;
4 32 0 30 255 255 64;
15 33 0 30 255 255 64;
12 34 0 30 255 255 64;
25 35 0 30 255 255 64;
15 36 0 30 255 255 64;
26 37 0 30 255 255 64;
26 38 0 30 255 255 64;
40 39 0 30 255 255 64;
12 40 0 30 255 255 64;
25 41 0 30 255 255 64;
20 42 0 30 255 255 64;
38 43 0 30 255 255 64;
25 44 0 30 255 255 64;
40 45 0 30 255 255 64;
37 46 0 30 255 255 64;
56 47 0 30 255 255 64;
15 48 0 30 255 255 64;
27 49 0 30 255 255 64;
25 50 0 30 255 255 64;
41 51 0 30 255 255 64;
29 52 0 30 255 255 64;
41 53 0 30 255 255 64;
41 54 0 30 255 255 64;
58 55 0 30 255 255 64;
25 56 0 30 255 255 64;
40 57 0 30 255 255 64;
38 58 0 30 255 255 64;
54 59 0 30 255 255 64;
43 60 0 30 255 255 64;
56 61 0 30 255 255 64;
53 62 0 30 255 255 64;
72 63 0 30 255 255 64;
5 64 0 30 255 255 64;
14 65 0 30 255 255 64;
11 66 0 30 255 255 64;
26 67 0 30 255 255 64;
12 68 0 30 255 255 64;
24 69 0 30 255 255 64;
28 70 0 30 255 255 64;
40 71 0 30 255 255 64;
14 72 0 30 255 255 64;
28 73 0 30 255 255 64;
24 74 0 30 255 255 64;
40 75 0 30 255 255 64;
28 76 0 30 255 255 64;
41 77 0 30 255 255 64;
40 78 0 30 255 255 64;
57 79 0 30 255 255 64;
15 80 0 30 255 255 64;
26 81 0 30 255 255 64;
26 82 0 30 255 255 64;
42 83 0 30 255 255 64;
27 84 0 30 255 255 64;
39 85 0 30 255 255 64;
43 86 0 30 255 255 64;
58 87 0 30 255 255 64;
28 88 0 30 255 255 64;
43 89 0 30 255 255 64;
42 90 0 30 255 255 64;
57 91 0 30 255 255 64;
43 92 0 30 255 255 64;
59 93 0 30 255 255 64;
57 94 0 30 255 255 64;
74 95 0 30 255 255 64;
14 96 0 30 255 255 64;
28 97 0 30 255 255 64;
26 98 0 30 255 255 64;
39 99 0 30 255 255 64;
28 100 0 30 255 255 64;
42 101 0 30 255 255 64;
40 102 0 30 255 255 64;
56 103 0 30 255 255 64;
27 104 0 30 255 255 64;
41 105 0 30 255 255 64;
38 106 0 30 255 255 64;
55 107 0 30 255 255 64;
42 108 0 30 255 255 64;
58 109 0 30 255 255 64;
57 110 0 30 255 255 64;
73 111 0 30 255 255 64;
27 112 0 30 255 255 64;
43 113 0 30 255 255 64;
41 114 0 30 255 255 64;
57 115 0 30 255 255 64;
46 116 0 30 255 255 64;
60 117 0 30 255 255 64;
61 118 0 30 255 255 64;
76 119 0 30 255 255 64;
43 120 0 30 255 255 64;
60 121 0 30 255 255 64;
55 122 0 30 255 255 64;
72 123 0 30 255 255 64;
59 124 0 30 255 255 64;
76 125 0 30 255 255 64;
73 126 0 30 255 255 64;
90 127 0 30 255 255 64;
5 128 0 30 255 255 64;
14 129 0 30 255 255 64;
12 130 0 30 255 255 64;
24 131 0 30 255 255 64;
14 132 0 30 255 255 64;
27 133 0 30 255 255 64;
26 134 0 30 255 255 64;
42 135 0 30 255 255 64;
12 136 0 30 255 255 64;
27 137 0 30 255 255 64;
22 138 0 30 255 255 64;
38 139 0 30 255 255 64;
27 140 0 30 255 255 64;
42 141 0 30 255 255 64;
39 142 0 30 255 255 64;
56 143 0 30 255 255 64;
14 144 0 30 255 255 64;
27 145 0 30 255 255 64;
26 146 0 30 255 255 64;
42 147 0 30 255 255 64;
27 148 0 30 255 255 64;
41 149 0 30 255 255 64;
41 150 0 30 255 255 64;
58 151 0 30 255 255 64;
26 152 0 30 255 255 64;
42 153 0 30 255 255 64;
39 154 0 30 255 255 64;
57 155 0 30 255 255 64;
43 156 0 30 255 255 64;
56 157 0 30 255 255 64;
56 158 0 30 255 255 64;
71 159 0 30 255 255 64;
12 160 0 30 255 255 64;
26 161 0 30 255 255 64;
24 162 0 30 255 255 64;
39 163 0 30 255 255 64;
27 164 0 30 255 255 64;
44 165 0 30 255 255 64;
39 166 0 30 255 255 64;
55 167 0 30 255 255 64;
23 168 0 30 255 255 64;
39 169 0 30 255 255 64;
33 170 0 30 255 255 64;
53 171 0 30 255 255 64;
39 172 0 30 255 255 64;
58 173 0 30 255 255 64;
51 174 0 30 255 255 64;
70 175 0 30 255 255 64;
27 176 0 30 255 255 64;
43 177 0 30 255 255 64;
39 178 0 30 255 255 64;
55 179 0 30 255 255 64;
42 180 0 30 255 255 64;
59 181 0 30 255 255 64;
56 182 0 30 255 255 64;
73 183 0 30 255 255 64;
39 184 0 30 255 255 64;
56 185 0 30 255 255 64;
53 186 0 30 255 255 64;
70 187 0 30 255 255 64;
58 188 0 30 255 255 64;
75 189 0 30 255 255 64;
72 190 0 30 255 255 64;
87 191 0 30 255 255 64;
15 192 0 30 255 255 64;
27 193 0 30 255 255 64;
27 194 0 30 255 255 64;
43 195 0 30 255 255 64;
28 196 0 30 255 255 64;
42 197 0 30 255 255 64;
42 198 0 30 255 255 64;
58 199 0 30 255 255 64;
26 200 0 30 255 255 64;
43 201 0 30 255 255 64;
39 202 0 30 255 255 64;
57 203 0 30 255 255 64;
44 204 0 30 255 255 64;
57 205 0 30 255 255 64;
57 206 0 30 255 255 64;
74 207 0 30 255 255 64;
29 208 0 30 255 255 64;
44 209 0 30 255 255 64;
43 210 0 30 255 255 64;
59 211 0 30 255 255 64;
44 212 0 30 255 255 64;
58 213 0 30 255 255 64;
60 214 0 30 255 255 64;
75 215 0 30 255 255 64;
42 216 0 30 255 255 64;
60 217 0 30 255 255 64;
58 218 0 30 255 255 64;
75 219 0 30 255 255 64;
59 220 0 30 255 255 64;
76 221 0 30 255 255 64;
76 222 0 30 255 255 64;
92 223 0 30 255 255 64;
27 224 0 30 255 255 64;
43 225 0 30 255 255 64;
40 226 0 30 255 255 64;
56 227 0 30 255 255 64;
44 228 0 30 255 255 64;
57 229 0 30 255 255 64;
57 230 0 30 255 255 64;
74 231 0 30 255 255 64;
40 232 0 30 255 255 64;
59 233 0 30 255 255 64;
53 234 0 30 255 255 64;
71 235 0 30 255 255 64;
60 236 0 30 255 255 64;
74 237 0 30 255 255 64;
72 238 0 30 255 255 64;
87 239 0 30 255 255 64;
44 240 0 30 255 255 64;
60 241 0 30 255 255 64;
57 242 0 30 255 255 64;
75 243 0 30 255 255 64;
60 244 0 30 255 255 64;
75 245 0 30 255 255 64;
75 246 0 30 255 255 64;
91 247 0 30 255 255 64;
58 248 0 30 255 255 64;
75 249 0 30 255 255 64;
70 250 0 30 255 255 64;
89 251 0 30 255 255 64;
76 252 0 30 255 255 64;
93 253 0 30 255 255 64;
90 254 0 30 255 255 64;
106 255 0 30 255 255 64;
]; % EOF
