% 106/20
% chanspec: 0xd06a
% tssi-idle_tssi    ipa     txlpf   pga     pad     txgm    bbmult   
tssi_ipa(:,:,4,1) = [ ...
-417 0 0 0 0 0 0; ... % idle_tssi
4 0 0 30 255 255 64;
9 1 0 30 255 255 64;
8 2 0 30 255 255 64;
21 3 0 30 255 255 64;
10 4 0 30 255 255 64;
21 5 0 30 255 255 64;
22 6 0 30 255 255 64;
37 7 0 30 255 255 64;
9 8 0 30 255 255 64;
22 9 0 30 255 255 64;
20 10 0 30 255 255 64;
37 11 0 30 255 255 64;
21 12 0 30 255 255 64;
39 13 0 30 255 255 64;
38 14 0 30 255 255 64;
59 15 0 30 255 255 64;
6 16 0 30 255 255 64;
21 17 0 30 255 255 64;
19 18 0 30 255 255 64;
37 19 0 30 255 255 64;
20 20 0 30 255 255 64;
37 21 0 30 255 255 64;
36 22 0 30 255 255 64;
58 23 0 30 255 255 64;
20 24 0 30 255 255 64;
38 25 0 30 255 255 64;
36 26 0 30 255 255 64;
55 27 0 30 255 255 64;
37 28 0 30 255 255 64;
58 29 0 30 255 255 64;
56 30 0 30 255 255 64;
80 31 0 30 255 255 64;
10 32 0 30 255 255 64;
22 33 0 30 255 255 64;
21 34 0 30 255 255 64;
37 35 0 30 255 255 64;
23 36 0 30 255 255 64;
40 37 0 30 255 255 64;
39 38 0 30 255 255 64;
59 39 0 30 255 255 64;
21 40 0 30 255 255 64;
39 41 0 30 255 255 64;
36 42 0 30 255 255 64;
57 43 0 30 255 255 64;
40 44 0 30 255 255 64;
61 45 0 30 255 255 64;
59 46 0 30 255 255 64;
83 47 0 30 255 255 64;
19 48 0 30 255 255 64;
38 49 0 30 255 255 64;
37 50 0 30 255 255 64;
58 51 0 30 255 255 64;
38 52 0 30 255 255 64;
59 53 0 30 255 255 64;
59 54 0 30 255 255 64;
82 55 0 30 255 255 64;
36 56 0 30 255 255 64;
59 57 0 30 255 255 64;
54 58 0 30 255 255 64;
81 59 0 30 255 255 64;
60 60 0 30 255 255 64;
84 61 0 30 255 255 64;
81 62 0 30 255 255 64;
106 63 0 30 255 255 64;
7 64 0 30 255 255 64;
20 65 0 30 255 255 64;
18 66 0 30 255 255 64;
37 67 0 30 255 255 64;
19 68 0 30 255 255 64;
36 69 0 30 255 255 64;
37 70 0 30 255 255 64;
58 71 0 30 255 255 64;
19 72 0 30 255 255 64;
37 73 0 30 255 255 64;
36 74 0 30 255 255 64;
56 75 0 30 255 255 64;
38 76 0 30 255 255 64;
59 77 0 30 255 255 64;
57 78 0 30 255 255 64;
81 79 0 30 255 255 64;
19 80 0 30 255 255 64;
34 81 0 30 255 255 64;
34 82 0 30 255 255 64;
57 83 0 30 255 255 64;
36 84 0 30 255 255 64;
55 85 0 30 255 255 64;
55 86 0 30 255 255 64;
80 87 0 30 255 255 64;
37 88 0 30 255 255 64;
57 89 0 30 255 255 64;
56 90 0 30 255 255 64;
79 91 0 30 255 255 64;
58 92 0 30 255 255 64;
81 93 0 30 255 255 64;
79 94 0 30 255 255 64;
106 95 0 30 255 255 64;
20 96 0 30 255 255 64;
37 97 0 30 255 255 64;
36 98 0 30 255 255 64;
56 99 0 30 255 255 64;
38 100 0 30 255 255 64;
60 101 0 30 255 255 64;
58 102 0 30 255 255 64;
82 103 0 30 255 255 64;
36 104 0 30 255 255 64;
60 105 0 30 255 255 64;
55 106 0 30 255 255 64;
79 107 0 30 255 255 64;
58 108 0 30 255 255 64;
85 109 0 30 255 255 64;
79 110 0 30 255 255 64;
107 111 0 30 255 255 64;
37 112 0 30 255 255 64;
59 113 0 30 255 255 64;
56 114 0 30 255 255 64;
80 115 0 30 255 255 64;
56 116 0 30 255 255 64;
80 117 0 30 255 255 64;
80 118 0 30 255 255 64;
105 119 0 30 255 255 64;
58 120 0 30 255 255 64;
82 121 0 30 255 255 64;
79 122 0 30 255 255 64;
104 123 0 30 255 255 64;
81 124 0 30 255 255 64;
106 125 0 30 255 255 64;
104 126 0 30 255 255 64;
130 127 0 30 255 255 64;
9 128 0 30 255 255 64;
21 129 0 30 255 255 64;
20 130 0 30 255 255 64;
37 131 0 30 255 255 64;
19 132 0 30 255 255 64;
38 133 0 30 255 255 64;
36 134 0 30 255 255 64;
59 135 0 30 255 255 64;
22 136 0 30 255 255 64;
38 137 0 30 255 255 64;
36 138 0 30 255 255 64;
56 139 0 30 255 255 64;
37 140 0 30 255 255 64;
62 141 0 30 255 255 64;
59 142 0 30 255 255 64;
81 143 0 30 255 255 64;
19 144 0 30 255 255 64;
39 145 0 30 255 255 64;
37 146 0 30 255 255 64;
57 147 0 30 255 255 64;
36 148 0 30 255 255 64;
59 149 0 30 255 255 64;
59 150 0 30 255 255 64;
81 151 0 30 255 255 64;
38 152 0 30 255 255 64;
58 153 0 30 255 255 64;
55 154 0 30 255 255 64;
80 155 0 30 255 255 64;
58 156 0 30 255 255 64;
82 157 0 30 255 255 64;
81 158 0 30 255 255 64;
105 159 0 30 255 255 64;
23 160 0 30 255 255 64;
38 161 0 30 255 255 64;
37 162 0 30 255 255 64;
60 163 0 30 255 255 64;
39 164 0 30 255 255 64;
61 165 0 30 255 255 64;
57 166 0 30 255 255 64;
81 167 0 30 255 255 64;
36 168 0 30 255 255 64;
59 169 0 30 255 255 64;
56 170 0 30 255 255 64;
79 171 0 30 255 255 64;
59 172 0 30 255 255 64;
83 173 0 30 255 255 64;
78 174 0 30 255 255 64;
106 175 0 30 255 255 64;
38 176 0 30 255 255 64;
59 177 0 30 255 255 64;
57 178 0 30 255 255 64;
81 179 0 30 255 255 64;
60 180 0 30 255 255 64;
85 181 0 30 255 255 64;
81 182 0 30 255 255 64;
108 183 0 30 255 255 64;
58 184 0 30 255 255 64;
81 185 0 30 255 255 64;
77 186 0 30 255 255 64;
105 187 0 30 255 255 64;
82 188 0 30 255 255 64;
109 189 0 30 255 255 64;
104 190 0 30 255 255 64;
133 191 0 30 255 255 64;
18 192 0 30 255 255 64;
37 193 0 30 255 255 64;
35 194 0 30 255 255 64;
56 195 0 30 255 255 64;
36 196 0 30 255 255 64;
58 197 0 30 255 255 64;
56 198 0 30 255 255 64;
81 199 0 30 255 255 64;
37 200 0 30 255 255 64;
59 201 0 30 255 255 64;
54 202 0 30 255 255 64;
79 203 0 30 255 255 64;
57 204 0 30 255 255 64;
82 205 0 30 255 255 64;
81 206 0 30 255 255 64;
106 207 0 30 255 255 64;
36 208 0 30 255 255 64;
56 209 0 30 255 255 64;
57 210 0 30 255 255 64;
81 211 0 30 255 255 64;
56 212 0 30 255 255 64;
82 213 0 30 255 255 64;
80 214 0 30 255 255 64;
105 215 0 30 255 255 64;
58 216 0 30 255 255 64;
80 217 0 30 255 255 64;
80 218 0 30 255 255 64;
104 219 0 30 255 255 64;
80 220 0 30 255 255 64;
108 221 0 30 255 255 64;
107 222 0 30 255 255 64;
131 223 0 30 255 255 64;
36 224 0 30 255 255 64;
59 225 0 30 255 255 64;
57 226 0 30 255 255 64;
81 227 0 30 255 255 64;
59 228 0 30 255 255 64;
84 229 0 30 255 255 64;
82 230 0 30 255 255 64;
109 231 0 30 255 255 64;
57 232 0 30 255 255 64;
83 233 0 30 255 255 64;
76 234 0 30 255 255 64;
102 235 0 30 255 255 64;
83 236 0 30 255 255 64;
110 237 0 30 255 255 64;
105 238 0 30 255 255 64;
131 239 0 30 255 255 64;
59 240 0 30 255 255 64;
83 241 0 30 255 255 64;
80 242 0 30 255 255 64;
108 243 0 30 255 255 64;
84 244 0 30 255 255 64;
108 245 0 30 255 255 64;
105 246 0 30 255 255 64;
133 247 0 30 255 255 64;
81 248 0 30 255 255 64;
108 249 0 30 255 255 64;
106 250 0 30 255 255 64;
130 251 0 30 255 255 64;
110 252 0 30 255 255 64;
133 253 0 30 255 255 64;
133 254 0 30 255 255 64;
158 255 0 30 255 255 64;
]; % EOF
