% 106/40L
% chanspec: 0xd86a
% tssi-idle_tssi    ipa     txlpf   pga     pad     txgm    bbmult   
tssi_ipa(:,:,5,2) = [ ...
-408 0 0 0 0 0 0; ... % idle_tssi
5 0 0 30 255 255 64;
10 1 0 30 255 255 64;
10 2 0 30 255 255 64;
21 3 0 30 255 255 64;
10 4 0 30 255 255 64;
23 5 0 30 255 255 64;
20 6 0 30 255 255 64;
39 7 0 30 255 255 64;
10 8 0 30 255 255 64;
20 9 0 30 255 255 64;
22 10 0 30 255 255 64;
36 11 0 30 255 255 64;
21 12 0 30 255 255 64;
38 13 0 30 255 255 64;
37 14 0 30 255 255 64;
58 15 0 30 255 255 64;
9 16 0 30 255 255 64;
20 17 0 30 255 255 64;
20 18 0 30 255 255 64;
35 19 0 30 255 255 64;
19 20 0 30 255 255 64;
36 21 0 30 255 255 64;
37 22 0 30 255 255 64;
55 23 0 30 255 255 64;
19 24 0 30 255 255 64;
35 25 0 30 255 255 64;
37 26 0 30 255 255 64;
54 27 0 30 255 255 64;
36 28 0 30 255 255 64;
57 29 0 30 255 255 64;
56 30 0 30 255 255 64;
80 31 0 30 255 255 64;
11 32 0 30 255 255 64;
21 33 0 30 255 255 64;
22 34 0 30 255 255 64;
37 35 0 30 255 255 64;
23 36 0 30 255 255 64;
40 37 0 30 255 255 64;
37 38 0 30 255 255 64;
58 39 0 30 255 255 64;
20 40 0 30 255 255 64;
37 41 0 30 255 255 64;
35 42 0 30 255 255 64;
55 43 0 30 255 255 64;
39 44 0 30 255 255 64;
59 45 0 30 255 255 64;
56 46 0 30 255 255 64;
79 47 0 30 255 255 64;
21 48 0 30 255 255 64;
38 49 0 30 255 255 64;
36 50 0 30 255 255 64;
57 51 0 30 255 255 64;
38 52 0 30 255 255 64;
60 53 0 30 255 255 64;
57 54 0 30 255 255 64;
78 55 0 30 255 255 64;
36 56 0 30 255 255 64;
57 57 0 30 255 255 64;
55 58 0 30 255 255 64;
77 59 0 30 255 255 64;
58 60 0 30 255 255 64;
81 61 0 30 255 255 64;
77 62 0 30 255 255 64;
101 63 0 30 255 255 64;
8 64 0 30 255 255 64;
20 65 0 30 255 255 64;
19 66 0 30 255 255 64;
36 67 0 30 255 255 64;
20 68 0 30 255 255 64;
36 69 0 30 255 255 64;
36 70 0 30 255 255 64;
54 71 0 30 255 255 64;
21 72 0 30 255 255 64;
35 73 0 30 255 255 64;
36 74 0 30 255 255 64;
56 75 0 30 255 255 64;
39 76 0 30 255 255 64;
57 77 0 30 255 255 64;
55 78 0 30 255 255 64;
79 79 0 30 255 255 64;
19 80 0 30 255 255 64;
35 81 0 30 255 255 64;
34 82 0 30 255 255 64;
55 83 0 30 255 255 64;
34 84 0 30 255 255 64;
55 85 0 30 255 255 64;
55 86 0 30 255 255 64;
75 87 0 30 255 255 64;
36 88 0 30 255 255 64;
55 89 0 30 255 255 64;
54 90 0 30 255 255 64;
78 91 0 30 255 255 64;
56 92 0 30 255 255 64;
78 93 0 30 255 255 64;
76 94 0 30 255 255 64;
101 95 0 30 255 255 64;
20 96 0 30 255 255 64;
36 97 0 30 255 255 64;
36 98 0 30 255 255 64;
56 99 0 30 255 255 64;
39 100 0 30 255 255 64;
58 101 0 30 255 255 64;
56 102 0 30 255 255 64;
79 103 0 30 255 255 64;
35 104 0 30 255 255 64;
56 105 0 30 255 255 64;
54 106 0 30 255 255 64;
76 107 0 30 255 255 64;
56 108 0 30 255 255 64;
80 109 0 30 255 255 64;
76 110 0 30 255 255 64;
102 111 0 30 255 255 64;
37 112 0 30 255 255 64;
56 113 0 30 255 255 64;
55 114 0 30 255 255 64;
79 115 0 30 255 255 64;
56 116 0 30 255 255 64;
79 117 0 30 255 255 64;
78 118 0 30 255 255 64;
104 119 0 30 255 255 64;
57 120 0 30 255 255 64;
80 121 0 30 255 255 64;
76 122 0 30 255 255 64;
100 123 0 30 255 255 64;
80 124 0 30 255 255 64;
104 125 0 30 255 255 64;
102 126 0 30 255 255 64;
127 127 0 30 255 255 64;
11 128 0 30 255 255 64;
20 129 0 30 255 255 64;
21 130 0 30 255 255 64;
37 131 0 30 255 255 64;
21 132 0 30 255 255 64;
38 133 0 30 255 255 64;
36 134 0 30 255 255 64;
57 135 0 30 255 255 64;
22 136 0 30 255 255 64;
39 137 0 30 255 255 64;
35 138 0 30 255 255 64;
56 139 0 30 255 255 64;
36 140 0 30 255 255 64;
59 141 0 30 255 255 64;
57 142 0 30 255 255 64;
80 143 0 30 255 255 64;
19 144 0 30 255 255 64;
37 145 0 30 255 255 64;
35 146 0 30 255 255 64;
55 147 0 30 255 255 64;
38 148 0 30 255 255 64;
57 149 0 30 255 255 64;
56 150 0 30 255 255 64;
80 151 0 30 255 255 64;
38 152 0 30 255 255 64;
58 153 0 30 255 255 64;
53 154 0 30 255 255 64;
78 155 0 30 255 255 64;
57 156 0 30 255 255 64;
81 157 0 30 255 255 64;
81 158 0 30 255 255 64;
104 159 0 30 255 255 64;
23 160 0 30 255 255 64;
40 161 0 30 255 255 64;
38 162 0 30 255 255 64;
56 163 0 30 255 255 64;
39 164 0 30 255 255 64;
60 165 0 30 255 255 64;
55 166 0 30 255 255 64;
81 167 0 30 255 255 64;
36 168 0 30 255 255 64;
56 169 0 30 255 255 64;
54 170 0 30 255 255 64;
75 171 0 30 255 255 64;
59 172 0 30 255 255 64;
81 173 0 30 255 255 64;
78 174 0 30 255 255 64;
104 175 0 30 255 255 64;
37 176 0 30 255 255 64;
58 177 0 30 255 255 64;
55 178 0 30 255 255 64;
80 179 0 30 255 255 64;
58 180 0 30 255 255 64;
82 181 0 30 255 255 64;
80 182 0 30 255 255 64;
105 183 0 30 255 255 64;
56 184 0 30 255 255 64;
78 185 0 30 255 255 64;
75 186 0 30 255 255 64;
102 187 0 30 255 255 64;
80 188 0 30 255 255 64;
105 189 0 30 255 255 64;
102 190 0 30 255 255 64;
127 191 0 30 255 255 64;
20 192 0 30 255 255 64;
35 193 0 30 255 255 64;
35 194 0 30 255 255 64;
55 195 0 30 255 255 64;
36 196 0 30 255 255 64;
57 197 0 30 255 255 64;
56 198 0 30 255 255 64;
78 199 0 30 255 255 64;
35 200 0 30 255 255 64;
57 201 0 30 255 255 64;
54 202 0 30 255 255 64;
78 203 0 30 255 255 64;
58 204 0 30 255 255 64;
80 205 0 30 255 255 64;
78 206 0 30 255 255 64;
103 207 0 30 255 255 64;
35 208 0 30 255 255 64;
56 209 0 30 255 255 64;
55 210 0 30 255 255 64;
76 211 0 30 255 255 64;
56 212 0 30 255 255 64;
77 213 0 30 255 255 64;
78 214 0 30 255 255 64;
102 215 0 30 255 255 64;
56 216 0 30 255 255 64;
78 217 0 30 255 255 64;
76 218 0 30 255 255 64;
102 219 0 30 255 255 64;
79 220 0 30 255 255 64;
104 221 0 30 255 255 64;
103 222 0 30 255 255 64;
127 223 0 30 255 255 64;
38 224 0 30 255 255 64;
57 225 0 30 255 255 64;
55 226 0 30 255 255 64;
80 227 0 30 255 255 64;
58 228 0 30 255 255 64;
83 229 0 30 255 255 64;
77 230 0 30 255 255 64;
104 231 0 30 255 255 64;
55 232 0 30 255 255 64;
78 233 0 30 255 255 64;
74 234 0 30 255 255 64;
100 235 0 30 255 255 64;
77 236 0 30 255 255 64;
105 237 0 30 255 255 64;
101 238 0 30 255 255 64;
127 239 0 30 255 255 64;
57 240 0 30 255 255 64;
80 241 0 30 255 255 64;
79 242 0 30 255 255 64;
105 243 0 30 255 255 64;
78 244 0 30 255 255 64;
104 245 0 30 255 255 64;
102 246 0 30 255 255 64;
128 247 0 30 255 255 64;
79 248 0 30 255 255 64;
104 249 0 30 255 255 64;
99 250 0 30 255 255 64;
126 251 0 30 255 255 64;
104 252 0 30 255 255 64;
130 253 0 30 255 255 64;
128 254 0 30 255 255 64;
153 255 0 30 255 255 64;
]; % EOF
