% 106/80L
% chanspec: 0xe06a
% tssi-idle_tssi    ipa     txlpf   pga     pad     txgm    bbmult   
tssi_106_80L = [ ...
  -405 0 0 0 0 0 0; ... % idle_tssi
  913 255 0 255 255 255 51; ... % tssi[0]
  915 255 0 255 255 255 49; ... % tssi[1]
  914 255 0 255 255 255 48; ... % tssi[2]
  916 255 0 247 255 255 48; ... % tssi[3]
  916 255 0 238 255 255 48; ... % tssi[4]
  916 255 0 230 255 255 48; ... % tssi[5]
  916 255 0 223 255 255 48; ... % tssi[6]
  916 255 0 215 255 255 48; ... % tssi[7]
  916 255 0 207 255 255 47; ... % tssi[8]
  916 255 0 201 255 255 47; ... % tssi[9]
  916 255 0 194 255 255 48; ... % tssi[10]
  916 255 0 187 255 255 48; ... % tssi[11]
  915 255 0 182 255 255 49; ... % tssi[12]
  915 255 0 177 255 255 48; ... % tssi[13]
  912 255 0 170 255 255 48; ... % tssi[14]
  905 255 0 165 255 255 48; ... % tssi[15]
  897 255 0 160 255 255 48; ... % tssi[16]
  889 255 0 155 255 255 48; ... % tssi[17]
  878 255 0 149 255 255 48; ... % tssi[18]
  869 255 0 145 255 255 48; ... % tssi[19]
  861 255 0 141 255 255 48; ... % tssi[20]
  848 255 0 136 255 255 48; ... % tssi[21]
  838 255 0 133 255 255 48; ... % tssi[22]
  822 255 0 128 255 255 48; ... % tssi[23]
  807 255 0 124 255 255 47; ... % tssi[24]
  792 255 0 120 255 255 47; ... % tssi[25]
  777 255 0 117 255 255 48; ... % tssi[26]
  759 255 0 113 255 255 48; ... % tssi[27]
  747 255 0 110 255 255 48; ... % tssi[28]
  727 255 0 106 255 255 47; ... % tssi[29]
  710 255 0 103 255 255 48; ... % tssi[30]
  692 255 0 100 255 255 48; ... % tssi[31]
  677 255 0 97 255 255 47; ... % tssi[32]
  664 255 0 94 255 255 48; ... % tssi[33]
  645 255 0 91 255 255 48; ... % tssi[34]
  627 255 0 88 255 255 48; ... % tssi[35]
  614 255 0 86 255 255 48; ... % tssi[36]
  595 255 0 83 255 255 48; ... % tssi[37]
  582 255 0 81 255 255 48; ... % tssi[38]
  564 255 0 78 255 255 48; ... % tssi[39]
  551 255 0 76 255 255 48; ... % tssi[40]
  538 255 0 74 255 255 48; ... % tssi[41]
  524 255 0 72 255 255 48; ... % tssi[42]
  510 255 0 70 255 255 48; ... % tssi[43]
  496 255 0 68 255 255 48; ... % tssi[44]
  476 255 0 65 255 255 48; ... % tssi[45]
  462 255 0 63 255 255 48; ... % tssi[46]
  447 255 0 61 255 255 48; ... % tssi[47]
  433 255 0 59 255 255 47; ... % tssi[48]
  426 255 0 58 255 255 47; ... % tssi[49]
  411 255 0 56 255 255 47; ... % tssi[50]
  403 255 0 55 255 255 47; ... % tssi[51]
  387 255 0 53 255 255 48; ... % tssi[52]
  373 255 0 51 255 255 48; ... % tssi[53]
  365 255 0 50 255 255 48; ... % tssi[54]
  349 255 0 48 255 255 48; ... % tssi[55]
  345 255 0 47 255 255 48; ... % tssi[56]
  337 255 0 46 255 255 47; ... % tssi[57]
  319 255 0 44 255 255 48; ... % tssi[58]
  313 255 0 43 255 255 48; ... % tssi[59]
  305 255 0 42 255 255 47; ... % tssi[60]
  287 255 0 40 255 255 48; ... % tssi[61]
  280 255 0 39 255 255 48; ... % tssi[62]
  271 255 0 38 255 255 47; ... % tssi[63]
  271 255 0 38 255 255 48; ... % tssi[64]
  254 255 0 36 255 255 48; ... % tssi[65]
  246 255 0 35 255 255 48; ... % tssi[66]
  236 255 0 34 255 255 48; ... % tssi[67]
  228 255 0 33 255 255 48; ... % tssi[68]
  219 255 0 32 255 255 48; ... % tssi[69]
  216 255 0 31 255 255 48; ... % tssi[70]
  207 255 0 30 255 255 48; ... % tssi[71]
  198 255 0 29 255 255 47; ... % tssi[72]
  188 255 0 28 255 255 48; ... % tssi[73]
  180 255 0 27 255 255 48; ... % tssi[74]
  170 255 0 26 255 255 48; ... % tssi[75]
  161 255 0 25 255 255 48; ... % tssi[76]
  162 255 0 25 255 255 48; ... % tssi[77]
  152 255 0 24 255 255 47; ... % tssi[78]
  143 255 0 23 255 255 48; ... % tssi[79]
  143 255 0 23 255 255 48; ... % tssi[80]
  134 255 0 22 255 255 48; ... % tssi[81]
  125 255 0 21 255 255 48; ... % tssi[82]
  124 255 0 21 255 255 47; ... % tssi[83]
  115 255 0 20 255 255 48; ... % tssi[84]
  115 255 0 20 255 255 48; ... % tssi[85]
  107 255 0 19 255 255 48; ... % tssi[86]
  98 255 0 18 255 255 48; ... % tssi[87]
  98 255 0 18 255 255 49; ... % tssi[88]
  90 255 0 17 255 255 48; ... % tssi[89]
  90 255 0 17 255 255 48; ... % tssi[90]
  80 255 0 16 255 255 47; ... % tssi[91]
  81 255 0 16 255 255 48; ... % tssi[92]
  76 255 0 15 255 255 47; ... % tssi[93]
  75 255 0 15 255 255 47; ... % tssi[94]
  67 255 0 14 255 255 48; ... % tssi[95]
  67 255 0 14 255 255 48; ... % tssi[96]
  67 255 0 14 255 255 48; ... % tssi[97]
  59 255 0 13 255 255 47; ... % tssi[98]
  60 255 0 13 255 255 49; ... % tssi[99]
  51 255 0 12 255 255 48; ... % tssi[100]
  51 255 0 12 255 255 48; ... % tssi[101]
  51 255 0 12 255 255 48; ... % tssi[102]
  45 255 0 11 255 255 46; ... % tssi[103]
  45 255 0 11 255 255 48; ... % tssi[104]
  38 255 0 10 255 255 47; ... % tssi[105]
  38 255 0 10 255 255 48; ... % tssi[106]
  38 255 0 10 255 255 47; ... % tssi[107]
  32 255 0 9 255 255 46; ... % tssi[108]
  31 255 0 9 255 255 45; ... % tssi[109]
  31 255 0 9 255 255 51; ... % tssi[110]
  31 255 0 9 255 255 49; ... % tssi[111]
  25 255 0 8 255 255 48; ... % tssi[112]
  25 255 0 8 255 255 46; ... % tssi[113]
  25 255 0 8 255 255 48; ... % tssi[114]
  23 255 0 8 255 255 46; ... % tssi[115]
  19 255 0 7 255 255 49; ... % tssi[116]
  19 255 0 7 255 255 48; ... % tssi[117]
  19 255 0 7 255 255 46; ... % tssi[118]
  20 255 0 7 255 255 48; ... % tssi[119]
  19 255 0 7 255 255 47; ... % tssi[120]
  14 255 0 6 255 255 45; ... % tssi[121]
  15 255 0 6 255 255 45; ... % tssi[122]
  14 255 0 6 255 255 43; ... % tssi[123]
  15 255 0 6 255 255 42; ... % tssi[124]
  14 255 0 6 255 255 41; ... % tssi[125]
  10 255 0 5 255 255 39; ... % tssi[126]
  10 255 0 5 255 255 39; ... % tssi[127]
];