% 7/40L
% chanspec: 0x1807
% tssi-idle_tssi    ipa     txlpf   pga     pad     txgm    bbmult   
tssi_ipa(:,:,2,2) = [ ...
-283 0 0 0 0 0 0; ... % idle_tssi
1 0 0 30 255 255 64;
5 1 0 30 255 255 64;
4 2 0 30 255 255 64;
12 3 0 30 255 255 64;
5 4 0 30 255 255 64;
12 5 0 30 255 255 64;
14 6 0 30 255 255 64;
26 7 0 30 255 255 64;
5 8 0 30 255 255 64;
14 9 0 30 255 255 64;
10 10 0 30 255 255 64;
24 11 0 30 255 255 64;
15 12 0 30 255 255 64;
26 13 0 30 255 255 64;
25 14 0 30 255 255 64;
40 15 0 30 255 255 64;
4 16 0 30 255 255 64;
13 17 0 30 255 255 64;
14 18 0 30 255 255 64;
26 19 0 30 255 255 64;
12 20 0 30 255 255 64;
25 21 0 30 255 255 64;
26 22 0 30 255 255 64;
40 23 0 30 255 255 64;
12 24 0 30 255 255 64;
27 25 0 30 255 255 64;
25 26 0 30 255 255 64;
40 27 0 30 255 255 64;
28 28 0 30 255 255 64;
42 29 0 30 255 255 64;
42 30 0 30 255 255 64;
56 31 0 30 255 255 64;
5 32 0 30 255 255 64;
15 33 0 30 255 255 64;
11 34 0 30 255 255 64;
25 35 0 30 255 255 64;
15 36 0 30 255 255 64;
26 37 0 30 255 255 64;
25 38 0 30 255 255 64;
40 39 0 30 255 255 64;
12 40 0 30 255 255 64;
26 41 0 30 255 255 64;
22 42 0 30 255 255 64;
37 43 0 30 255 255 64;
27 44 0 30 255 255 64;
40 45 0 30 255 255 64;
38 46 0 30 255 255 64;
54 47 0 30 255 255 64;
15 48 0 30 255 255 64;
26 49 0 30 255 255 64;
25 50 0 30 255 255 64;
40 51 0 30 255 255 64;
27 52 0 30 255 255 64;
40 53 0 30 255 255 64;
40 54 0 30 255 255 64;
55 55 0 30 255 255 64;
26 56 0 30 255 255 64;
41 57 0 30 255 255 64;
37 58 0 30 255 255 64;
56 59 0 30 255 255 64;
41 60 0 30 255 255 64;
58 61 0 30 255 255 64;
55 62 0 30 255 255 64;
72 63 0 30 255 255 64;
5 64 0 30 255 255 64;
13 65 0 30 255 255 64;
14 66 0 30 255 255 64;
26 67 0 30 255 255 64;
14 68 0 30 255 255 64;
24 69 0 30 255 255 64;
27 70 0 30 255 255 64;
40 71 0 30 255 255 64;
14 72 0 30 255 255 64;
26 73 0 30 255 255 64;
26 74 0 30 255 255 64;
40 75 0 30 255 255 64;
27 76 0 30 255 255 64;
41 77 0 30 255 255 64;
40 78 0 30 255 255 64;
57 79 0 30 255 255 64;
14 80 0 30 255 255 64;
25 81 0 30 255 255 64;
28 82 0 30 255 255 64;
40 83 0 30 255 255 64;
25 84 0 30 255 255 64;
39 85 0 30 255 255 64;
43 86 0 30 255 255 64;
58 87 0 30 255 255 64;
27 88 0 30 255 255 64;
41 89 0 30 255 255 64;
40 90 0 30 255 255 64;
58 91 0 30 255 255 64;
43 92 0 30 255 255 64;
59 93 0 30 255 255 64;
56 94 0 30 255 255 64;
74 95 0 30 255 255 64;
14 96 0 30 255 255 64;
27 97 0 30 255 255 64;
25 98 0 30 255 255 64;
41 99 0 30 255 255 64;
27 100 0 30 255 255 64;
43 101 0 30 255 255 64;
43 102 0 30 255 255 64;
59 103 0 30 255 255 64;
26 104 0 30 255 255 64;
41 105 0 30 255 255 64;
38 106 0 30 255 255 64;
55 107 0 30 255 255 64;
44 108 0 30 255 255 64;
59 109 0 30 255 255 64;
55 110 0 30 255 255 64;
72 111 0 30 255 255 64;
29 112 0 30 255 255 64;
42 113 0 30 255 255 64;
43 114 0 30 255 255 64;
56 115 0 30 255 255 64;
44 116 0 30 255 255 64;
60 117 0 30 255 255 64;
59 118 0 30 255 255 64;
75 119 0 30 255 255 64;
43 120 0 30 255 255 64;
60 121 0 30 255 255 64;
55 122 0 30 255 255 64;
74 123 0 30 255 255 64;
60 124 0 30 255 255 64;
75 125 0 30 255 255 64;
74 126 0 30 255 255 64;
90 127 0 30 255 255 64;
5 128 0 30 255 255 64;
13 129 0 30 255 255 64;
13 130 0 30 255 255 64;
26 131 0 30 255 255 64;
13 132 0 30 255 255 64;
27 133 0 30 255 255 64;
25 134 0 30 255 255 64;
40 135 0 30 255 255 64;
12 136 0 30 255 255 64;
26 137 0 30 255 255 64;
23 138 0 30 255 255 64;
38 139 0 30 255 255 64;
28 140 0 30 255 255 64;
43 141 0 30 255 255 64;
39 142 0 30 255 255 64;
55 143 0 30 255 255 64;
15 144 0 30 255 255 64;
28 145 0 30 255 255 64;
27 146 0 30 255 255 64;
40 147 0 30 255 255 64;
27 148 0 30 255 255 64;
41 149 0 30 255 255 64;
41 150 0 30 255 255 64;
59 151 0 30 255 255 64;
27 152 0 30 255 255 64;
41 153 0 30 255 255 64;
38 154 0 30 255 255 64;
56 155 0 30 255 255 64;
44 156 0 30 255 255 64;
57 157 0 30 255 255 64;
56 158 0 30 255 255 64;
73 159 0 30 255 255 64;
13 160 0 30 255 255 64;
26 161 0 30 255 255 64;
23 162 0 30 255 255 64;
38 163 0 30 255 255 64;
26 164 0 30 255 255 64;
43 165 0 30 255 255 64;
40 166 0 30 255 255 64;
56 167 0 30 255 255 64;
21 168 0 30 255 255 64;
39 169 0 30 255 255 64;
33 170 0 30 255 255 64;
51 171 0 30 255 255 64;
40 172 0 30 255 255 64;
55 173 0 30 255 255 64;
51 174 0 30 255 255 64;
69 175 0 30 255 255 64;
26 176 0 30 255 255 64;
43 177 0 30 255 255 64;
39 178 0 30 255 255 64;
58 179 0 30 255 255 64;
43 180 0 30 255 255 64;
58 181 0 30 255 255 64;
57 182 0 30 255 255 64;
73 183 0 30 255 255 64;
41 184 0 30 255 255 64;
56 185 0 30 255 255 64;
53 186 0 30 255 255 64;
71 187 0 30 255 255 64;
57 188 0 30 255 255 64;
75 189 0 30 255 255 64;
71 190 0 30 255 255 64;
87 191 0 30 255 255 64;
13 192 0 30 255 255 64;
28 193 0 30 255 255 64;
27 194 0 30 255 255 64;
42 195 0 30 255 255 64;
28 196 0 30 255 255 64;
42 197 0 30 255 255 64;
40 198 0 30 255 255 64;
59 199 0 30 255 255 64;
27 200 0 30 255 255 64;
43 201 0 30 255 255 64;
40 202 0 30 255 255 64;
55 203 0 30 255 255 64;
44 204 0 30 255 255 64;
60 205 0 30 255 255 64;
58 206 0 30 255 255 64;
73 207 0 30 255 255 64;
27 208 0 30 255 255 64;
43 209 0 30 255 255 64;
43 210 0 30 255 255 64;
60 211 0 30 255 255 64;
45 212 0 30 255 255 64;
59 213 0 30 255 255 64;
60 214 0 30 255 255 64;
76 215 0 30 255 255 64;
44 216 0 30 255 255 64;
60 217 0 30 255 255 64;
57 218 0 30 255 255 64;
74 219 0 30 255 255 64;
61 220 0 30 255 255 64;
77 221 0 30 255 255 64;
75 222 0 30 255 255 64;
93 223 0 30 255 255 64;
25 224 0 30 255 255 64;
41 225 0 30 255 255 64;
40 226 0 30 255 255 64;
56 227 0 30 255 255 64;
43 228 0 30 255 255 64;
57 229 0 30 255 255 64;
58 230 0 30 255 255 64;
73 231 0 30 255 255 64;
40 232 0 30 255 255 64;
58 233 0 30 255 255 64;
50 234 0 30 255 255 64;
70 235 0 30 255 255 64;
58 236 0 30 255 255 64;
75 237 0 30 255 255 64;
71 238 0 30 255 255 64;
89 239 0 30 255 255 64;
42 240 0 30 255 255 64;
60 241 0 30 255 255 64;
58 242 0 30 255 255 64;
75 243 0 30 255 255 64;
62 244 0 30 255 255 64;
76 245 0 30 255 255 64;
75 246 0 30 255 255 64;
92 247 0 30 255 255 64;
58 248 0 30 255 255 64;
76 249 0 30 255 255 64;
70 250 0 30 255 255 64;
89 251 0 30 255 255 64;
77 252 0 30 255 255 64;
92 253 0 30 255 255 64;
89 254 0 30 255 255 64;
106 255 0 30 255 255 64;
]; % EOF
