% 7/20
% chanspec: 0x1007
% tssi-idle_tssi    ipa     txlpf   pga     pad     txgm    bbmult   
tssi_ipa(:,:,1,3) = [ ...
-290 0 0 0 0 0 0; ... % idle_tssi
3 0 0 30 255 255 64;
4 1 0 30 255 255 64;
4 2 0 30 255 255 64;
13 3 0 30 255 255 64;
6 4 0 30 255 255 64;
13 5 0 30 255 255 64;
15 6 0 30 255 255 64;
27 7 0 30 255 255 64;
4 8 0 30 255 255 64;
14 9 0 30 255 255 64;
12 10 0 30 255 255 64;
27 11 0 30 255 255 64;
15 12 0 30 255 255 64;
27 13 0 30 255 255 64;
26 14 0 30 255 255 64;
41 15 0 30 255 255 64;
6 16 0 30 255 255 64;
15 17 0 30 255 255 64;
15 18 0 30 255 255 64;
28 19 0 30 255 255 64;
14 20 0 30 255 255 64;
26 21 0 30 255 255 64;
28 22 0 30 255 255 64;
43 23 0 30 255 255 64;
16 24 0 30 255 255 64;
28 25 0 30 255 255 64;
26 26 0 30 255 255 64;
43 27 0 30 255 255 64;
28 28 0 30 255 255 64;
43 29 0 30 255 255 64;
42 30 0 30 255 255 64;
58 31 0 30 255 255 64;
4 32 0 30 255 255 64;
15 33 0 30 255 255 64;
12 34 0 30 255 255 64;
26 35 0 30 255 255 64;
16 36 0 30 255 255 64;
29 37 0 30 255 255 64;
28 38 0 30 255 255 64;
41 39 0 30 255 255 64;
13 40 0 30 255 255 64;
27 41 0 30 255 255 64;
23 42 0 30 255 255 64;
40 43 0 30 255 255 64;
27 44 0 30 255 255 64;
43 45 0 30 255 255 64;
40 46 0 30 255 255 64;
58 47 0 30 255 255 64;
14 48 0 30 255 255 64;
30 49 0 30 255 255 64;
27 50 0 30 255 255 64;
43 51 0 30 255 255 64;
30 52 0 30 255 255 64;
44 53 0 30 255 255 64;
44 54 0 30 255 255 64;
60 55 0 30 255 255 64;
27 56 0 30 255 255 64;
43 57 0 30 255 255 64;
39 58 0 30 255 255 64;
58 59 0 30 255 255 64;
45 60 0 30 255 255 64;
60 61 0 30 255 255 64;
58 62 0 30 255 255 64;
76 63 0 30 255 255 64;
5 64 0 30 255 255 64;
15 65 0 30 255 255 64;
14 66 0 30 255 255 64;
29 67 0 30 255 255 64;
15 68 0 30 255 255 64;
27 69 0 30 255 255 64;
27 70 0 30 255 255 64;
44 71 0 30 255 255 64;
15 72 0 30 255 255 64;
28 73 0 30 255 255 64;
27 74 0 30 255 255 64;
43 75 0 30 255 255 64;
29 76 0 30 255 255 64;
45 77 0 30 255 255 64;
45 78 0 30 255 255 64;
60 79 0 30 255 255 64;
16 80 0 30 255 255 64;
27 81 0 30 255 255 64;
28 82 0 30 255 255 64;
44 83 0 30 255 255 64;
31 84 0 30 255 255 64;
43 85 0 30 255 255 64;
45 86 0 30 255 255 64;
61 87 0 30 255 255 64;
29 88 0 30 255 255 64;
46 89 0 30 255 255 64;
45 90 0 30 255 255 64;
60 91 0 30 255 255 64;
46 92 0 30 255 255 64;
62 93 0 30 255 255 64;
62 94 0 30 255 255 64;
78 95 0 30 255 255 64;
15 96 0 30 255 255 64;
29 97 0 30 255 255 64;
28 98 0 30 255 255 64;
44 99 0 30 255 255 64;
29 100 0 30 255 255 64;
44 101 0 30 255 255 64;
43 102 0 30 255 255 64;
62 103 0 30 255 255 64;
27 104 0 30 255 255 64;
43 105 0 30 255 255 64;
41 106 0 30 255 255 64;
58 107 0 30 255 255 64;
45 108 0 30 255 255 64;
63 109 0 30 255 255 64;
57 110 0 30 255 255 64;
76 111 0 30 255 255 64;
29 112 0 30 255 255 64;
46 113 0 30 255 255 64;
45 114 0 30 255 255 64;
61 115 0 30 255 255 64;
47 116 0 30 255 255 64;
61 117 0 30 255 255 64;
63 118 0 30 255 255 64;
78 119 0 30 255 255 64;
45 120 0 30 255 255 64;
63 121 0 30 255 255 64;
60 122 0 30 255 255 64;
77 123 0 30 255 255 64;
64 124 0 30 255 255 64;
78 125 0 30 255 255 64;
77 126 0 30 255 255 64;
93 127 0 30 255 255 64;
5 128 0 30 255 255 64;
16 129 0 30 255 255 64;
13 130 0 30 255 255 64;
28 131 0 30 255 255 64;
15 132 0 30 255 255 64;
27 133 0 30 255 255 64;
27 134 0 30 255 255 64;
43 135 0 30 255 255 64;
12 136 0 30 255 255 64;
27 137 0 30 255 255 64;
22 138 0 30 255 255 64;
41 139 0 30 255 255 64;
29 140 0 30 255 255 64;
43 141 0 30 255 255 64;
40 142 0 30 255 255 64;
59 143 0 30 255 255 64;
16 144 0 30 255 255 64;
28 145 0 30 255 255 64;
27 146 0 30 255 255 64;
46 147 0 30 255 255 64;
28 148 0 30 255 255 64;
43 149 0 30 255 255 64;
44 150 0 30 255 255 64;
62 151 0 30 255 255 64;
28 152 0 30 255 255 64;
46 153 0 30 255 255 64;
42 154 0 30 255 255 64;
59 155 0 30 255 255 64;
45 156 0 30 255 255 64;
59 157 0 30 255 255 64;
58 158 0 30 255 255 64;
77 159 0 30 255 255 64;
13 160 0 30 255 255 64;
27 161 0 30 255 255 64;
25 162 0 30 255 255 64;
41 163 0 30 255 255 64;
28 164 0 30 255 255 64;
44 165 0 30 255 255 64;
41 166 0 30 255 255 64;
57 167 0 30 255 255 64;
25 168 0 30 255 255 64;
42 169 0 30 255 255 64;
35 170 0 30 255 255 64;
54 171 0 30 255 255 64;
42 172 0 30 255 255 64;
60 173 0 30 255 255 64;
55 174 0 30 255 255 64;
72 175 0 30 255 255 64;
28 176 0 30 255 255 64;
44 177 0 30 255 255 64;
41 178 0 30 255 255 64;
60 179 0 30 255 255 64;
45 180 0 30 255 255 64;
62 181 0 30 255 255 64;
59 182 0 30 255 255 64;
77 183 0 30 255 255 64;
42 184 0 30 255 255 64;
60 185 0 30 255 255 64;
55 186 0 30 255 255 64;
72 187 0 30 255 255 64;
60 188 0 30 255 255 64;
78 189 0 30 255 255 64;
75 190 0 30 255 255 64;
91 191 0 30 255 255 64;
15 192 0 30 255 255 64;
28 193 0 30 255 255 64;
27 194 0 30 255 255 64;
42 195 0 30 255 255 64;
29 196 0 30 255 255 64;
44 197 0 30 255 255 64;
45 198 0 30 255 255 64;
62 199 0 30 255 255 64;
28 200 0 30 255 255 64;
45 201 0 30 255 255 64;
42 202 0 30 255 255 64;
58 203 0 30 255 255 64;
45 204 0 30 255 255 64;
62 205 0 30 255 255 64;
59 206 0 30 255 255 64;
77 207 0 30 255 255 64;
30 208 0 30 255 255 64;
46 209 0 30 255 255 64;
45 210 0 30 255 255 64;
61 211 0 30 255 255 64;
45 212 0 30 255 255 64;
60 213 0 30 255 255 64;
62 214 0 30 255 255 64;
79 215 0 30 255 255 64;
47 216 0 30 255 255 64;
62 217 0 30 255 255 64;
59 218 0 30 255 255 64;
78 219 0 30 255 255 64;
64 220 0 30 255 255 64;
80 221 0 30 255 255 64;
78 222 0 30 255 255 64;
95 223 0 30 255 255 64;
27 224 0 30 255 255 64;
46 225 0 30 255 255 64;
40 226 0 30 255 255 64;
59 227 0 30 255 255 64;
46 228 0 30 255 255 64;
63 229 0 30 255 255 64;
60 230 0 30 255 255 64;
77 231 0 30 255 255 64;
41 232 0 30 255 255 64;
60 233 0 30 255 255 64;
54 234 0 30 255 255 64;
74 235 0 30 255 255 64;
60 236 0 30 255 255 64;
77 237 0 30 255 255 64;
74 238 0 30 255 255 64;
92 239 0 30 255 255 64;
45 240 0 30 255 255 64;
64 241 0 30 255 255 64;
61 242 0 30 255 255 64;
78 243 0 30 255 255 64;
63 244 0 30 255 255 64;
80 245 0 30 255 255 64;
78 246 0 30 255 255 64;
97 247 0 30 255 255 64;
62 248 0 30 255 255 64;
78 249 0 30 255 255 64;
75 250 0 30 255 255 64;
93 251 0 30 255 255 64;
78 252 0 30 255 255 64;
97 253 0 30 255 255 64;
94 254 0 30 255 255 64;
111 255 0 30 255 255 64;
]; % EOF
