% 106/40L
% chanspec: 0xd86a
% tssi-idle_tssi    ipa     txlpf   pga     pad     txgm    bbmult   
tssi_ipa(:,:,5,3) = [ ...
-408 0 0 0 0 0 0; ... % idle_tssi
4 0 0 30 255 255 64;
8 1 0 30 255 255 64;
10 2 0 30 255 255 64;
22 3 0 30 255 255 64;
9 4 0 30 255 255 64;
23 5 0 30 255 255 64;
20 6 0 30 255 255 64;
37 7 0 30 255 255 64;
10 8 0 30 255 255 64;
22 9 0 30 255 255 64;
21 10 0 30 255 255 64;
37 11 0 30 255 255 64;
22 12 0 30 255 255 64;
39 13 0 30 255 255 64;
36 14 0 30 255 255 64;
59 15 0 30 255 255 64;
11 16 0 30 255 255 64;
20 17 0 30 255 255 64;
21 18 0 30 255 255 64;
36 19 0 30 255 255 64;
22 20 0 30 255 255 64;
35 21 0 30 255 255 64;
36 22 0 30 255 255 64;
55 23 0 30 255 255 64;
20 24 0 30 255 255 64;
38 25 0 30 255 255 64;
37 26 0 30 255 255 64;
57 27 0 30 255 255 64;
37 28 0 30 255 255 64;
56 29 0 30 255 255 64;
56 30 0 30 255 255 64;
78 31 0 30 255 255 64;
11 32 0 30 255 255 64;
22 33 0 30 255 255 64;
20 34 0 30 255 255 64;
37 35 0 30 255 255 64;
23 36 0 30 255 255 64;
38 37 0 30 255 255 64;
37 38 0 30 255 255 64;
59 39 0 30 255 255 64;
22 40 0 30 255 255 64;
38 41 0 30 255 255 64;
37 42 0 30 255 255 64;
56 43 0 30 255 255 64;
38 44 0 30 255 255 64;
60 45 0 30 255 255 64;
57 46 0 30 255 255 64;
79 47 0 30 255 255 64;
20 48 0 30 255 255 64;
38 49 0 30 255 255 64;
37 50 0 30 255 255 64;
56 51 0 30 255 255 64;
36 52 0 30 255 255 64;
59 53 0 30 255 255 64;
57 54 0 30 255 255 64;
78 55 0 30 255 255 64;
36 56 0 30 255 255 64;
56 57 0 30 255 255 64;
55 58 0 30 255 255 64;
77 59 0 30 255 255 64;
56 60 0 30 255 255 64;
80 61 0 30 255 255 64;
79 62 0 30 255 255 64;
104 63 0 30 255 255 64;
9 64 0 30 255 255 64;
20 65 0 30 255 255 64;
18 66 0 30 255 255 64;
35 67 0 30 255 255 64;
21 68 0 30 255 255 64;
36 69 0 30 255 255 64;
36 70 0 30 255 255 64;
56 71 0 30 255 255 64;
20 72 0 30 255 255 64;
37 73 0 30 255 255 64;
35 74 0 30 255 255 64;
56 75 0 30 255 255 64;
38 76 0 30 255 255 64;
55 77 0 30 255 255 64;
55 78 0 30 255 255 64;
79 79 0 30 255 255 64;
20 80 0 30 255 255 64;
35 81 0 30 255 255 64;
35 82 0 30 255 255 64;
54 83 0 30 255 255 64;
35 84 0 30 255 255 64;
55 85 0 30 255 255 64;
54 86 0 30 255 255 64;
75 87 0 30 255 255 64;
36 88 0 30 255 255 64;
55 89 0 30 255 255 64;
54 90 0 30 255 255 64;
78 91 0 30 255 255 64;
56 92 0 30 255 255 64;
79 93 0 30 255 255 64;
78 94 0 30 255 255 64;
100 95 0 30 255 255 64;
21 96 0 30 255 255 64;
36 97 0 30 255 255 64;
35 98 0 30 255 255 64;
55 99 0 30 255 255 64;
37 100 0 30 255 255 64;
57 101 0 30 255 255 64;
58 102 0 30 255 255 64;
81 103 0 30 255 255 64;
36 104 0 30 255 255 64;
57 105 0 30 255 255 64;
53 106 0 30 255 255 64;
79 107 0 30 255 255 64;
57 108 0 30 255 255 64;
79 109 0 30 255 255 64;
78 110 0 30 255 255 64;
102 111 0 30 255 255 64;
36 112 0 30 255 255 64;
55 113 0 30 255 255 64;
55 114 0 30 255 255 64;
79 115 0 30 255 255 64;
56 116 0 30 255 255 64;
79 117 0 30 255 255 64;
79 118 0 30 255 255 64;
102 119 0 30 255 255 64;
54 120 0 30 255 255 64;
80 121 0 30 255 255 64;
77 122 0 30 255 255 64;
101 123 0 30 255 255 64;
78 124 0 30 255 255 64;
104 125 0 30 255 255 64;
101 126 0 30 255 255 64;
127 127 0 30 255 255 64;
11 128 0 30 255 255 64;
22 129 0 30 255 255 64;
20 130 0 30 255 255 64;
37 131 0 30 255 255 64;
22 132 0 30 255 255 64;
38 133 0 30 255 255 64;
37 134 0 30 255 255 64;
58 135 0 30 255 255 64;
23 136 0 30 255 255 64;
38 137 0 30 255 255 64;
35 138 0 30 255 255 64;
56 139 0 30 255 255 64;
36 140 0 30 255 255 64;
58 141 0 30 255 255 64;
57 142 0 30 255 255 64;
79 143 0 30 255 255 64;
21 144 0 30 255 255 64;
38 145 0 30 255 255 64;
34 146 0 30 255 255 64;
56 147 0 30 255 255 64;
39 148 0 30 255 255 64;
56 149 0 30 255 255 64;
54 150 0 30 255 255 64;
79 151 0 30 255 255 64;
34 152 0 30 255 255 64;
57 153 0 30 255 255 64;
55 154 0 30 255 255 64;
77 155 0 30 255 255 64;
57 156 0 30 255 255 64;
79 157 0 30 255 255 64;
78 158 0 30 255 255 64;
102 159 0 30 255 255 64;
22 160 0 30 255 255 64;
37 161 0 30 255 255 64;
36 162 0 30 255 255 64;
55 163 0 30 255 255 64;
38 164 0 30 255 255 64;
60 165 0 30 255 255 64;
56 166 0 30 255 255 64;
81 167 0 30 255 255 64;
38 168 0 30 255 255 64;
57 169 0 30 255 255 64;
53 170 0 30 255 255 64;
76 171 0 30 255 255 64;
58 172 0 30 255 255 64;
82 173 0 30 255 255 64;
76 174 0 30 255 255 64;
104 175 0 30 255 255 64;
37 176 0 30 255 255 64;
58 177 0 30 255 255 64;
55 178 0 30 255 255 64;
77 179 0 30 255 255 64;
58 180 0 30 255 255 64;
82 181 0 30 255 255 64;
78 182 0 30 255 255 64;
105 183 0 30 255 255 64;
58 184 0 30 255 255 64;
82 185 0 30 255 255 64;
76 186 0 30 255 255 64;
101 187 0 30 255 255 64;
81 188 0 30 255 255 64;
105 189 0 30 255 255 64;
101 190 0 30 255 255 64;
127 191 0 30 255 255 64;
21 192 0 30 255 255 64;
36 193 0 30 255 255 64;
36 194 0 30 255 255 64;
56 195 0 30 255 255 64;
37 196 0 30 255 255 64;
57 197 0 30 255 255 64;
56 198 0 30 255 255 64;
78 199 0 30 255 255 64;
34 200 0 30 255 255 64;
56 201 0 30 255 255 64;
54 202 0 30 255 255 64;
77 203 0 30 255 255 64;
56 204 0 30 255 255 64;
80 205 0 30 255 255 64;
76 206 0 30 255 255 64;
102 207 0 30 255 255 64;
35 208 0 30 255 255 64;
55 209 0 30 255 255 64;
55 210 0 30 255 255 64;
77 211 0 30 255 255 64;
55 212 0 30 255 255 64;
78 213 0 30 255 255 64;
79 214 0 30 255 255 64;
102 215 0 30 255 255 64;
55 216 0 30 255 255 64;
80 217 0 30 255 255 64;
76 218 0 30 255 255 64;
100 219 0 30 255 255 64;
78 220 0 30 255 255 64;
104 221 0 30 255 255 64;
102 222 0 30 255 255 64;
127 223 0 30 255 255 64;
39 224 0 30 255 255 64;
57 225 0 30 255 255 64;
55 226 0 30 255 255 64;
78 227 0 30 255 255 64;
58 228 0 30 255 255 64;
81 229 0 30 255 255 64;
79 230 0 30 255 255 64;
105 231 0 30 255 255 64;
55 232 0 30 255 255 64;
79 233 0 30 255 255 64;
74 234 0 30 255 255 64;
100 235 0 30 255 255 64;
80 236 0 30 255 255 64;
106 237 0 30 255 255 64;
102 238 0 30 255 255 64;
126 239 0 30 255 255 64;
57 240 0 30 255 255 64;
80 241 0 30 255 255 64;
78 242 0 30 255 255 64;
102 243 0 30 255 255 64;
79 244 0 30 255 255 64;
104 245 0 30 255 255 64;
103 246 0 30 255 255 64;
128 247 0 30 255 255 64;
79 248 0 30 255 255 64;
103 249 0 30 255 255 64;
100 250 0 30 255 255 64;
125 251 0 30 255 255 64;
103 252 0 30 255 255 64;
130 253 0 30 255 255 64;
129 254 0 30 255 255 64;
154 255 0 30 255 255 64;
]; % EOF
