% 7/20
% chanspec: 0x1007
% tssi-idle_tssi    ipa     txlpf   pga     pad     txgm    bbmult   
tssi_ipa(:,:,1,1) = [ ...
-289 0 0 0 0 0 0; ... % idle_tssi
0 0 0 30 255 255 64;
5 1 0 30 255 255 64;
3 2 0 30 255 255 64;
12 3 0 30 255 255 64;
4 4 0 30 255 255 64;
12 5 0 30 255 255 64;
14 6 0 30 255 255 64;
26 7 0 30 255 255 64;
3 8 0 30 255 255 64;
14 9 0 30 255 255 64;
11 10 0 30 255 255 64;
25 11 0 30 255 255 64;
14 12 0 30 255 255 64;
28 13 0 30 255 255 64;
25 14 0 30 255 255 64;
41 15 0 30 255 255 64;
4 16 0 30 255 255 64;
13 17 0 30 255 255 64;
14 18 0 30 255 255 64;
28 19 0 30 255 255 64;
13 20 0 30 255 255 64;
26 21 0 30 255 255 64;
28 22 0 30 255 255 64;
41 23 0 30 255 255 64;
14 24 0 30 255 255 64;
27 25 0 30 255 255 64;
26 26 0 30 255 255 64;
42 27 0 30 255 255 64;
27 28 0 30 255 255 64;
41 29 0 30 255 255 64;
41 30 0 30 255 255 64;
58 31 0 30 255 255 64;
3 32 0 30 255 255 64;
14 33 0 30 255 255 64;
11 34 0 30 255 255 64;
26 35 0 30 255 255 64;
16 36 0 30 255 255 64;
26 37 0 30 255 255 64;
26 38 0 30 255 255 64;
42 39 0 30 255 255 64;
11 40 0 30 255 255 64;
26 41 0 30 255 255 64;
22 42 0 30 255 255 64;
40 43 0 30 255 255 64;
26 44 0 30 255 255 64;
42 45 0 30 255 255 64;
39 46 0 30 255 255 64;
57 47 0 30 255 255 64;
14 48 0 30 255 255 64;
28 49 0 30 255 255 64;
27 50 0 30 255 255 64;
42 51 0 30 255 255 64;
29 52 0 30 255 255 64;
44 53 0 30 255 255 64;
42 54 0 30 255 255 64;
59 55 0 30 255 255 64;
26 56 0 30 255 255 64;
44 57 0 30 255 255 64;
39 58 0 30 255 255 64;
56 59 0 30 255 255 64;
43 60 0 30 255 255 64;
61 61 0 30 255 255 64;
59 62 0 30 255 255 64;
73 63 0 30 255 255 64;
5 64 0 30 255 255 64;
13 65 0 30 255 255 64;
14 66 0 30 255 255 64;
26 67 0 30 255 255 64;
14 68 0 30 255 255 64;
26 69 0 30 255 255 64;
27 70 0 30 255 255 64;
43 71 0 30 255 255 64;
14 72 0 30 255 255 64;
27 73 0 30 255 255 64;
26 74 0 30 255 255 64;
42 75 0 30 255 255 64;
29 76 0 30 255 255 64;
43 77 0 30 255 255 64;
43 78 0 30 255 255 64;
58 79 0 30 255 255 64;
13 80 0 30 255 255 64;
26 81 0 30 255 255 64;
27 82 0 30 255 255 64;
44 83 0 30 255 255 64;
27 84 0 30 255 255 64;
42 85 0 30 255 255 64;
44 86 0 30 255 255 64;
59 87 0 30 255 255 64;
28 88 0 30 255 255 64;
45 89 0 30 255 255 64;
46 90 0 30 255 255 64;
60 91 0 30 255 255 64;
45 92 0 30 255 255 64;
61 93 0 30 255 255 64;
61 94 0 30 255 255 64;
78 95 0 30 255 255 64;
15 96 0 30 255 255 64;
29 97 0 30 255 255 64;
26 98 0 30 255 255 64;
41 99 0 30 255 255 64;
28 100 0 30 255 255 64;
44 101 0 30 255 255 64;
43 102 0 30 255 255 64;
59 103 0 30 255 255 64;
27 104 0 30 255 255 64;
44 105 0 30 255 255 64;
39 106 0 30 255 255 64;
56 107 0 30 255 255 64;
45 108 0 30 255 255 64;
61 109 0 30 255 255 64;
59 110 0 30 255 255 64;
76 111 0 30 255 255 64;
30 112 0 30 255 255 64;
44 113 0 30 255 255 64;
43 114 0 30 255 255 64;
60 115 0 30 255 255 64;
46 116 0 30 255 255 64;
62 117 0 30 255 255 64;
62 118 0 30 255 255 64;
78 119 0 30 255 255 64;
45 120 0 30 255 255 64;
63 121 0 30 255 255 64;
58 122 0 30 255 255 64;
76 123 0 30 255 255 64;
62 124 0 30 255 255 64;
78 125 0 30 255 255 64;
76 126 0 30 255 255 64;
94 127 0 30 255 255 64;
5 128 0 30 255 255 64;
14 129 0 30 255 255 64;
11 130 0 30 255 255 64;
27 131 0 30 255 255 64;
15 132 0 30 255 255 64;
29 133 0 30 255 255 64;
25 134 0 30 255 255 64;
42 135 0 30 255 255 64;
11 136 0 30 255 255 64;
26 137 0 30 255 255 64;
22 138 0 30 255 255 64;
40 139 0 30 255 255 64;
28 140 0 30 255 255 64;
42 141 0 30 255 255 64;
40 142 0 30 255 255 64;
58 143 0 30 255 255 64;
15 144 0 30 255 255 64;
27 145 0 30 255 255 64;
28 146 0 30 255 255 64;
42 147 0 30 255 255 64;
27 148 0 30 255 255 64;
42 149 0 30 255 255 64;
43 150 0 30 255 255 64;
60 151 0 30 255 255 64;
27 152 0 30 255 255 64;
43 153 0 30 255 255 64;
41 154 0 30 255 255 64;
57 155 0 30 255 255 64;
45 156 0 30 255 255 64;
61 157 0 30 255 255 64;
58 158 0 30 255 255 64;
76 159 0 30 255 255 64;
11 160 0 30 255 255 64;
27 161 0 30 255 255 64;
22 162 0 30 255 255 64;
41 163 0 30 255 255 64;
27 164 0 30 255 255 64;
42 165 0 30 255 255 64;
41 166 0 30 255 255 64;
57 167 0 30 255 255 64;
23 168 0 30 255 255 64;
39 169 0 30 255 255 64;
36 170 0 30 255 255 64;
55 171 0 30 255 255 64;
41 172 0 30 255 255 64;
58 173 0 30 255 255 64;
53 174 0 30 255 255 64;
72 175 0 30 255 255 64;
29 176 0 30 255 255 64;
44 177 0 30 255 255 64;
40 178 0 30 255 255 64;
59 179 0 30 255 255 64;
46 180 0 30 255 255 64;
60 181 0 30 255 255 64;
60 182 0 30 255 255 64;
76 183 0 30 255 255 64;
41 184 0 30 255 255 64;
60 185 0 30 255 255 64;
54 186 0 30 255 255 64;
72 187 0 30 255 255 64;
58 188 0 30 255 255 64;
76 189 0 30 255 255 64;
73 190 0 30 255 255 64;
91 191 0 30 255 255 64;
16 192 0 30 255 255 64;
29 193 0 30 255 255 64;
27 194 0 30 255 255 64;
43 195 0 30 255 255 64;
30 196 0 30 255 255 64;
42 197 0 30 255 255 64;
45 198 0 30 255 255 64;
61 199 0 30 255 255 64;
25 200 0 30 255 255 64;
43 201 0 30 255 255 64;
40 202 0 30 255 255 64;
57 203 0 30 255 255 64;
43 204 0 30 255 255 64;
60 205 0 30 255 255 64;
58 206 0 30 255 255 64;
76 207 0 30 255 255 64;
30 208 0 30 255 255 64;
46 209 0 30 255 255 64;
44 210 0 30 255 255 64;
60 211 0 30 255 255 64;
43 212 0 30 255 255 64;
60 213 0 30 255 255 64;
62 214 0 30 255 255 64;
79 215 0 30 255 255 64;
45 216 0 30 255 255 64;
61 217 0 30 255 255 64;
60 218 0 30 255 255 64;
77 219 0 30 255 255 64;
63 220 0 30 255 255 64;
79 221 0 30 255 255 64;
78 222 0 30 255 255 64;
94 223 0 30 255 255 64;
26 224 0 30 255 255 64;
45 225 0 30 255 255 64;
40 226 0 30 255 255 64;
59 227 0 30 255 255 64;
45 228 0 30 255 255 64;
61 229 0 30 255 255 64;
61 230 0 30 255 255 64;
76 231 0 30 255 255 64;
41 232 0 30 255 255 64;
61 233 0 30 255 255 64;
53 234 0 30 255 255 64;
73 235 0 30 255 255 64;
60 236 0 30 255 255 64;
77 237 0 30 255 255 64;
72 238 0 30 255 255 64;
92 239 0 30 255 255 64;
45 240 0 30 255 255 64;
62 241 0 30 255 255 64;
61 242 0 30 255 255 64;
77 243 0 30 255 255 64;
64 244 0 30 255 255 64;
78 245 0 30 255 255 64;
79 246 0 30 255 255 64;
95 247 0 30 255 255 64;
60 248 0 30 255 255 64;
77 249 0 30 255 255 64;
74 250 0 30 255 255 64;
93 251 0 30 255 255 64;
78 252 0 30 255 255 64;
95 253 0 30 255 255 64;
95 254 0 30 255 255 64;
111 255 0 30 255 255 64;
]; % EOF
