% 7/40L
% chanspec: 0x1807
% tssi-idle_tssi    ipa     txlpf   pga     pad     txgm    bbmult   
tssi_ipa(:,:,2,1) = [ ...
-283 0 0 0 0 0 0; ... % idle_tssi
1 0 0 30 255 255 64;
5 1 0 30 255 255 64;
4 2 0 30 255 255 64;
13 3 0 30 255 255 64;
5 4 0 30 255 255 64;
14 5 0 30 255 255 64;
12 6 0 30 255 255 64;
25 7 0 30 255 255 64;
5 8 0 30 255 255 64;
13 9 0 30 255 255 64;
11 10 0 30 255 255 64;
26 11 0 30 255 255 64;
14 12 0 30 255 255 64;
26 13 0 30 255 255 64;
25 14 0 30 255 255 64;
41 15 0 30 255 255 64;
5 16 0 30 255 255 64;
13 17 0 30 255 255 64;
15 18 0 30 255 255 64;
27 19 0 30 255 255 64;
12 20 0 30 255 255 64;
26 21 0 30 255 255 64;
26 22 0 30 255 255 64;
41 23 0 30 255 255 64;
14 24 0 30 255 255 64;
26 25 0 30 255 255 64;
25 26 0 30 255 255 64;
39 27 0 30 255 255 64;
27 28 0 30 255 255 64;
42 29 0 30 255 255 64;
41 30 0 30 255 255 64;
56 31 0 30 255 255 64;
4 32 0 30 255 255 64;
14 33 0 30 255 255 64;
12 34 0 30 255 255 64;
25 35 0 30 255 255 64;
14 36 0 30 255 255 64;
26 37 0 30 255 255 64;
26 38 0 30 255 255 64;
40 39 0 30 255 255 64;
13 40 0 30 255 255 64;
24 41 0 30 255 255 64;
22 42 0 30 255 255 64;
39 43 0 30 255 255 64;
25 44 0 30 255 255 64;
42 45 0 30 255 255 64;
38 46 0 30 255 255 64;
54 47 0 30 255 255 64;
15 48 0 30 255 255 64;
26 49 0 30 255 255 64;
25 50 0 30 255 255 64;
41 51 0 30 255 255 64;
27 52 0 30 255 255 64;
40 53 0 30 255 255 64;
40 54 0 30 255 255 64;
57 55 0 30 255 255 64;
25 56 0 30 255 255 64;
41 57 0 30 255 255 64;
39 58 0 30 255 255 64;
55 59 0 30 255 255 64;
43 60 0 30 255 255 64;
57 61 0 30 255 255 64;
56 62 0 30 255 255 64;
71 63 0 30 255 255 64;
6 64 0 30 255 255 64;
14 65 0 30 255 255 64;
13 66 0 30 255 255 64;
27 67 0 30 255 255 64;
13 68 0 30 255 255 64;
26 69 0 30 255 255 64;
28 70 0 30 255 255 64;
41 71 0 30 255 255 64;
15 72 0 30 255 255 64;
28 73 0 30 255 255 64;
25 74 0 30 255 255 64;
40 75 0 30 255 255 64;
28 76 0 30 255 255 64;
42 77 0 30 255 255 64;
42 78 0 30 255 255 64;
58 79 0 30 255 255 64;
15 80 0 30 255 255 64;
27 81 0 30 255 255 64;
27 82 0 30 255 255 64;
42 83 0 30 255 255 64;
26 84 0 30 255 255 64;
39 85 0 30 255 255 64;
43 86 0 30 255 255 64;
58 87 0 30 255 255 64;
29 88 0 30 255 255 64;
43 89 0 30 255 255 64;
42 90 0 30 255 255 64;
57 91 0 30 255 255 64;
44 92 0 30 255 255 64;
59 93 0 30 255 255 64;
57 94 0 30 255 255 64;
75 95 0 30 255 255 64;
15 96 0 30 255 255 64;
28 97 0 30 255 255 64;
26 98 0 30 255 255 64;
42 99 0 30 255 255 64;
26 100 0 30 255 255 64;
42 101 0 30 255 255 64;
42 102 0 30 255 255 64;
57 103 0 30 255 255 64;
25 104 0 30 255 255 64;
42 105 0 30 255 255 64;
36 106 0 30 255 255 64;
54 107 0 30 255 255 64;
41 108 0 30 255 255 64;
59 109 0 30 255 255 64;
55 110 0 30 255 255 64;
74 111 0 30 255 255 64;
28 112 0 30 255 255 64;
43 113 0 30 255 255 64;
42 114 0 30 255 255 64;
58 115 0 30 255 255 64;
43 116 0 30 255 255 64;
60 117 0 30 255 255 64;
59 118 0 30 255 255 64;
77 119 0 30 255 255 64;
43 120 0 30 255 255 64;
60 121 0 30 255 255 64;
55 122 0 30 255 255 64;
73 123 0 30 255 255 64;
61 124 0 30 255 255 64;
77 125 0 30 255 255 64;
74 126 0 30 255 255 64;
91 127 0 30 255 255 64;
5 128 0 30 255 255 64;
13 129 0 30 255 255 64;
13 130 0 30 255 255 64;
25 131 0 30 255 255 64;
15 132 0 30 255 255 64;
28 133 0 30 255 255 64;
27 134 0 30 255 255 64;
41 135 0 30 255 255 64;
13 136 0 30 255 255 64;
26 137 0 30 255 255 64;
22 138 0 30 255 255 64;
38 139 0 30 255 255 64;
26 140 0 30 255 255 64;
42 141 0 30 255 255 64;
38 142 0 30 255 255 64;
56 143 0 30 255 255 64;
15 144 0 30 255 255 64;
27 145 0 30 255 255 64;
26 146 0 30 255 255 64;
42 147 0 30 255 255 64;
25 148 0 30 255 255 64;
41 149 0 30 255 255 64;
44 150 0 30 255 255 64;
57 151 0 30 255 255 64;
26 152 0 30 255 255 64;
41 153 0 30 255 255 64;
40 154 0 30 255 255 64;
56 155 0 30 255 255 64;
43 156 0 30 255 255 64;
58 157 0 30 255 255 64;
55 158 0 30 255 255 64;
72 159 0 30 255 255 64;
13 160 0 30 255 255 64;
25 161 0 30 255 255 64;
24 162 0 30 255 255 64;
39 163 0 30 255 255 64;
27 164 0 30 255 255 64;
42 165 0 30 255 255 64;
40 166 0 30 255 255 64;
56 167 0 30 255 255 64;
25 168 0 30 255 255 64;
38 169 0 30 255 255 64;
34 170 0 30 255 255 64;
52 171 0 30 255 255 64;
40 172 0 30 255 255 64;
56 173 0 30 255 255 64;
55 174 0 30 255 255 64;
70 175 0 30 255 255 64;
27 176 0 30 255 255 64;
43 177 0 30 255 255 64;
39 178 0 30 255 255 64;
56 179 0 30 255 255 64;
43 180 0 30 255 255 64;
58 181 0 30 255 255 64;
56 182 0 30 255 255 64;
74 183 0 30 255 255 64;
39 184 0 30 255 255 64;
56 185 0 30 255 255 64;
52 186 0 30 255 255 64;
71 187 0 30 255 255 64;
57 188 0 30 255 255 64;
74 189 0 30 255 255 64;
71 190 0 30 255 255 64;
88 191 0 30 255 255 64;
15 192 0 30 255 255 64;
27 193 0 30 255 255 64;
27 194 0 30 255 255 64;
43 195 0 30 255 255 64;
28 196 0 30 255 255 64;
43 197 0 30 255 255 64;
43 198 0 30 255 255 64;
59 199 0 30 255 255 64;
27 200 0 30 255 255 64;
43 201 0 30 255 255 64;
39 202 0 30 255 255 64;
56 203 0 30 255 255 64;
43 204 0 30 255 255 64;
59 205 0 30 255 255 64;
57 206 0 30 255 255 64;
75 207 0 30 255 255 64;
27 208 0 30 255 255 64;
43 209 0 30 255 255 64;
45 210 0 30 255 255 64;
62 211 0 30 255 255 64;
45 212 0 30 255 255 64;
59 213 0 30 255 255 64;
60 214 0 30 255 255 64;
77 215 0 30 255 255 64;
43 216 0 30 255 255 64;
59 217 0 30 255 255 64;
58 218 0 30 255 255 64;
74 219 0 30 255 255 64;
59 220 0 30 255 255 64;
77 221 0 30 255 255 64;
74 222 0 30 255 255 64;
91 223 0 30 255 255 64;
28 224 0 30 255 255 64;
45 225 0 30 255 255 64;
39 226 0 30 255 255 64;
56 227 0 30 255 255 64;
44 228 0 30 255 255 64;
60 229 0 30 255 255 64;
57 230 0 30 255 255 64;
75 231 0 30 255 255 64;
40 232 0 30 255 255 64;
57 233 0 30 255 255 64;
52 234 0 30 255 255 64;
71 235 0 30 255 255 64;
60 236 0 30 255 255 64;
76 237 0 30 255 255 64;
71 238 0 30 255 255 64;
89 239 0 30 255 255 64;
43 240 0 30 255 255 64;
60 241 0 30 255 255 64;
57 242 0 30 255 255 64;
76 243 0 30 255 255 64;
61 244 0 30 255 255 64;
77 245 0 30 255 255 64;
75 246 0 30 255 255 64;
91 247 0 30 255 255 64;
59 248 0 30 255 255 64;
75 249 0 30 255 255 64;
70 250 0 30 255 255 64;
90 251 0 30 255 255 64;
75 252 0 30 255 255 64;
92 253 0 30 255 255 64;
90 254 0 30 255 255 64;
106 255 0 30 255 255 64;
]; % EOF
