% 106/80L
% chanspec: 0xe06a
% tssi-idle_tssi    ipa     txlpf   pga     pad     txgm    bbmult   
tssi_ipa(:,:,6,3) = [ ...
-415 0 0 0 0 0 0; ... % idle_tssi
3 0 0 30 255 255 64;
8 1 0 30 255 255 64;
7 2 0 30 255 255 64;
16 3 0 30 255 255 64;
7 4 0 30 255 255 64;
16 5 0 30 255 255 64;
16 6 0 30 255 255 64;
30 7 0 30 255 255 64;
8 8 0 30 255 255 64;
18 9 0 30 255 255 64;
16 10 0 30 255 255 64;
30 11 0 30 255 255 64;
17 12 0 30 255 255 64;
32 13 0 30 255 255 64;
30 14 0 30 255 255 64;
48 15 0 30 255 255 64;
7 16 0 30 255 255 64;
16 17 0 30 255 255 64;
16 18 0 30 255 255 64;
30 19 0 30 255 255 64;
16 20 0 30 255 255 64;
29 21 0 30 255 255 64;
29 22 0 30 255 255 64;
47 23 0 30 255 255 64;
15 24 0 30 255 255 64;
29 25 0 30 255 255 64;
29 26 0 30 255 255 64;
45 27 0 30 255 255 64;
31 28 0 30 255 255 64;
47 29 0 30 255 255 64;
45 30 0 30 255 255 64;
64 31 0 30 255 255 64;
7 32 0 30 255 255 64;
17 33 0 30 255 255 64;
17 34 0 30 255 255 64;
30 35 0 30 255 255 64;
18 36 0 30 255 255 64;
32 37 0 30 255 255 64;
30 38 0 30 255 255 64;
48 39 0 30 255 255 64;
17 40 0 30 255 255 64;
31 41 0 30 255 255 64;
29 42 0 30 255 255 64;
45 43 0 30 255 255 64;
30 44 0 30 255 255 64;
48 45 0 30 255 255 64;
46 46 0 30 255 255 64;
66 47 0 30 255 255 64;
15 48 0 30 255 255 64;
30 49 0 30 255 255 64;
29 50 0 30 255 255 64;
46 51 0 30 255 255 64;
30 52 0 30 255 255 64;
48 53 0 30 255 255 64;
46 54 0 30 255 255 64;
66 55 0 30 255 255 64;
29 56 0 30 255 255 64;
47 57 0 30 255 255 64;
44 58 0 30 255 255 64;
64 59 0 30 255 255 64;
47 60 0 30 255 255 64;
66 61 0 30 255 255 64;
65 62 0 30 255 255 64;
86 63 0 30 255 255 64;
6 64 0 30 255 255 64;
16 65 0 30 255 255 64;
15 66 0 30 255 255 64;
29 67 0 30 255 255 64;
16 68 0 30 255 255 64;
29 69 0 30 255 255 64;
28 70 0 30 255 255 64;
45 71 0 30 255 255 64;
16 72 0 30 255 255 64;
30 73 0 30 255 255 64;
29 74 0 30 255 255 64;
45 75 0 30 255 255 64;
30 76 0 30 255 255 64;
46 77 0 30 255 255 64;
45 78 0 30 255 255 64;
65 79 0 30 255 255 64;
15 80 0 30 255 255 64;
27 81 0 30 255 255 64;
28 82 0 30 255 255 64;
44 83 0 30 255 255 64;
28 84 0 30 255 255 64;
44 85 0 30 255 255 64;
45 86 0 30 255 255 64;
63 87 0 30 255 255 64;
28 88 0 30 255 255 64;
46 89 0 30 255 255 64;
44 90 0 30 255 255 64;
63 91 0 30 255 255 64;
46 92 0 30 255 255 64;
65 93 0 30 255 255 64;
64 94 0 30 255 255 64;
84 95 0 30 255 255 64;
16 96 0 30 255 255 64;
29 97 0 30 255 255 64;
28 98 0 30 255 255 64;
47 99 0 30 255 255 64;
30 100 0 30 255 255 64;
47 101 0 30 255 255 64;
45 102 0 30 255 255 64;
65 103 0 30 255 255 64;
29 104 0 30 255 255 64;
46 105 0 30 255 255 64;
43 106 0 30 255 255 64;
63 107 0 30 255 255 64;
47 108 0 30 255 255 64;
67 109 0 30 255 255 64;
64 110 0 30 255 255 64;
87 111 0 30 255 255 64;
29 112 0 30 255 255 64;
46 113 0 30 255 255 64;
45 114 0 30 255 255 64;
65 115 0 30 255 255 64;
47 116 0 30 255 255 64;
65 117 0 30 255 255 64;
66 118 0 30 255 255 64;
87 119 0 30 255 255 64;
46 120 0 30 255 255 64;
66 121 0 30 255 255 64;
63 122 0 30 255 255 64;
84 123 0 30 255 255 64;
65 124 0 30 255 255 64;
87 125 0 30 255 255 64;
85 126 0 30 255 255 64;
108 127 0 30 255 255 64;
8 128 0 30 255 255 64;
16 129 0 30 255 255 64;
17 130 0 30 255 255 64;
30 131 0 30 255 255 64;
17 132 0 30 255 255 64;
32 133 0 30 255 255 64;
30 134 0 30 255 255 64;
47 135 0 30 255 255 64;
18 136 0 30 255 255 64;
31 137 0 30 255 255 64;
29 138 0 30 255 255 64;
45 139 0 30 255 255 64;
30 140 0 30 255 255 64;
48 141 0 30 255 255 64;
45 142 0 30 255 255 64;
66 143 0 30 255 255 64;
15 144 0 30 255 255 64;
31 145 0 30 255 255 64;
29 146 0 30 255 255 64;
46 147 0 30 255 255 64;
31 148 0 30 255 255 64;
47 149 0 30 255 255 64;
46 150 0 30 255 255 64;
65 151 0 30 255 255 64;
28 152 0 30 255 255 64;
46 153 0 30 255 255 64;
45 154 0 30 255 255 64;
65 155 0 30 255 255 64;
47 156 0 30 255 255 64;
68 157 0 30 255 255 64;
64 158 0 30 255 255 64;
86 159 0 30 255 255 64;
18 160 0 30 255 255 64;
32 161 0 30 255 255 64;
30 162 0 30 255 255 64;
47 163 0 30 255 255 64;
31 164 0 30 255 255 64;
49 165 0 30 255 255 64;
48 166 0 30 255 255 64;
68 167 0 30 255 255 64;
29 168 0 30 255 255 64;
47 169 0 30 255 255 64;
44 170 0 30 255 255 64;
63 171 0 30 255 255 64;
47 172 0 30 255 255 64;
66 173 0 30 255 255 64;
64 174 0 30 255 255 64;
86 175 0 30 255 255 64;
30 176 0 30 255 255 64;
47 177 0 30 255 255 64;
44 178 0 30 255 255 64;
66 179 0 30 255 255 64;
48 180 0 30 255 255 64;
66 181 0 30 255 255 64;
66 182 0 30 255 255 64;
87 183 0 30 255 255 64;
45 184 0 30 255 255 64;
65 185 0 30 255 255 64;
64 186 0 30 255 255 64;
85 187 0 30 255 255 64;
67 188 0 30 255 255 64;
89 189 0 30 255 255 64;
86 190 0 30 255 255 64;
108 191 0 30 255 255 64;
15 192 0 30 255 255 64;
29 193 0 30 255 255 64;
29 194 0 30 255 255 64;
44 195 0 30 255 255 64;
29 196 0 30 255 255 64;
46 197 0 30 255 255 64;
45 198 0 30 255 255 64;
65 199 0 30 255 255 64;
28 200 0 30 255 255 64;
46 201 0 30 255 255 64;
43 202 0 30 255 255 64;
65 203 0 30 255 255 64;
47 204 0 30 255 255 64;
66 205 0 30 255 255 64;
63 206 0 30 255 255 64;
85 207 0 30 255 255 64;
28 208 0 30 255 255 64;
45 209 0 30 255 255 64;
45 210 0 30 255 255 64;
63 211 0 30 255 255 64;
45 212 0 30 255 255 64;
64 213 0 30 255 255 64;
64 214 0 30 255 255 64;
85 215 0 30 255 255 64;
45 216 0 30 255 255 64;
65 217 0 30 255 255 64;
62 218 0 30 255 255 64;
85 219 0 30 255 255 64;
65 220 0 30 255 255 64;
86 221 0 30 255 255 64;
84 222 0 30 255 255 64;
106 223 0 30 255 255 64;
29 224 0 30 255 255 64;
47 225 0 30 255 255 64;
44 226 0 30 255 255 64;
65 227 0 30 255 255 64;
47 228 0 30 255 255 64;
66 229 0 30 255 255 64;
64 230 0 30 255 255 64;
87 231 0 30 255 255 64;
44 232 0 30 255 255 64;
65 233 0 30 255 255 64;
62 234 0 30 255 255 64;
85 235 0 30 255 255 64;
65 236 0 30 255 255 64;
88 237 0 30 255 255 64;
84 238 0 30 255 255 64;
108 239 0 30 255 255 64;
46 240 0 30 255 255 64;
66 241 0 30 255 255 64;
64 242 0 30 255 255 64;
86 243 0 30 255 255 64;
67 244 0 30 255 255 64;
88 245 0 30 255 255 64;
86 246 0 30 255 255 64;
108 247 0 30 255 255 64;
64 248 0 30 255 255 64;
87 249 0 30 255 255 64;
83 250 0 30 255 255 64;
106 251 0 30 255 255 64;
86 252 0 30 255 255 64;
108 253 0 30 255 255 64;
106 254 0 30 255 255 64;
130 255 0 30 255 255 64;
]; % EOF
