% 106/80L
% chanspec: 0xe06a
% tssi-idle_tssi    ipa     txlpf   pga     pad     txgm    bbmult   
tssi_ipa(:,:,6,1) = [ ...
-415 0 0 0 0 0 0; ... % idle_tssi
4 0 0 30 255 255 64;
7 1 0 30 255 255 64;
7 2 0 30 255 255 64;
18 3 0 30 255 255 64;
8 4 0 30 255 255 64;
18 5 0 30 255 255 64;
17 6 0 30 255 255 64;
31 7 0 30 255 255 64;
8 8 0 30 255 255 64;
16 9 0 30 255 255 64;
18 10 0 30 255 255 64;
31 11 0 30 255 255 64;
17 12 0 30 255 255 64;
31 13 0 30 255 255 64;
31 14 0 30 255 255 64;
48 15 0 30 255 255 64;
6 16 0 30 255 255 64;
17 17 0 30 255 255 64;
15 18 0 30 255 255 64;
30 19 0 30 255 255 64;
16 20 0 30 255 255 64;
30 21 0 30 255 255 64;
30 22 0 30 255 255 64;
46 23 0 30 255 255 64;
16 24 0 30 255 255 64;
30 25 0 30 255 255 64;
30 26 0 30 255 255 64;
45 27 0 30 255 255 64;
31 28 0 30 255 255 64;
47 29 0 30 255 255 64;
46 30 0 30 255 255 64;
66 31 0 30 255 255 64;
9 32 0 30 255 255 64;
18 33 0 30 255 255 64;
18 34 0 30 255 255 64;
31 35 0 30 255 255 64;
18 36 0 30 255 255 64;
32 37 0 30 255 255 64;
30 38 0 30 255 255 64;
50 39 0 30 255 255 64;
18 40 0 30 255 255 64;
31 41 0 30 255 255 64;
29 42 0 30 255 255 64;
46 43 0 30 255 255 64;
31 44 0 30 255 255 64;
49 45 0 30 255 255 64;
47 46 0 30 255 255 64;
66 47 0 30 255 255 64;
17 48 0 30 255 255 64;
31 49 0 30 255 255 64;
30 50 0 30 255 255 64;
47 51 0 30 255 255 64;
31 52 0 30 255 255 64;
47 53 0 30 255 255 64;
47 54 0 30 255 255 64;
68 55 0 30 255 255 64;
31 56 0 30 255 255 64;
47 57 0 30 255 255 64;
45 58 0 30 255 255 64;
65 59 0 30 255 255 64;
48 60 0 30 255 255 64;
68 61 0 30 255 255 64;
65 62 0 30 255 255 64;
86 63 0 30 255 255 64;
7 64 0 30 255 255 64;
16 65 0 30 255 255 64;
16 66 0 30 255 255 64;
29 67 0 30 255 255 64;
16 68 0 30 255 255 64;
30 69 0 30 255 255 64;
30 70 0 30 255 255 64;
46 71 0 30 255 255 64;
16 72 0 30 255 255 64;
30 73 0 30 255 255 64;
29 74 0 30 255 255 64;
46 75 0 30 255 255 64;
30 76 0 30 255 255 64;
48 77 0 30 255 255 64;
47 78 0 30 255 255 64;
66 79 0 30 255 255 64;
16 80 0 30 255 255 64;
29 81 0 30 255 255 64;
29 82 0 30 255 255 64;
44 83 0 30 255 255 64;
29 84 0 30 255 255 64;
45 85 0 30 255 255 64;
46 86 0 30 255 255 64;
65 87 0 30 255 255 64;
30 88 0 30 255 255 64;
46 89 0 30 255 255 64;
46 90 0 30 255 255 64;
65 91 0 30 255 255 64;
45 92 0 30 255 255 64;
65 93 0 30 255 255 64;
65 94 0 30 255 255 64;
85 95 0 30 255 255 64;
16 96 0 30 255 255 64;
30 97 0 30 255 255 64;
29 98 0 30 255 255 64;
46 99 0 30 255 255 64;
31 100 0 30 255 255 64;
48 101 0 30 255 255 64;
46 102 0 30 255 255 64;
66 103 0 30 255 255 64;
29 104 0 30 255 255 64;
46 105 0 30 255 255 64;
45 106 0 30 255 255 64;
65 107 0 30 255 255 64;
47 108 0 30 255 255 64;
68 109 0 30 255 255 64;
65 110 0 30 255 255 64;
86 111 0 30 255 255 64;
29 112 0 30 255 255 64;
47 113 0 30 255 255 64;
45 114 0 30 255 255 64;
64 115 0 30 255 255 64;
47 116 0 30 255 255 64;
66 117 0 30 255 255 64;
65 118 0 30 255 255 64;
86 119 0 30 255 255 64;
46 120 0 30 255 255 64;
67 121 0 30 255 255 64;
64 122 0 30 255 255 64;
85 123 0 30 255 255 64;
67 124 0 30 255 255 64;
88 125 0 30 255 255 64;
86 126 0 30 255 255 64;
107 127 0 30 255 255 64;
8 128 0 30 255 255 64;
16 129 0 30 255 255 64;
16 130 0 30 255 255 64;
30 131 0 30 255 255 64;
17 132 0 30 255 255 64;
31 133 0 30 255 255 64;
30 134 0 30 255 255 64;
46 135 0 30 255 255 64;
17 136 0 30 255 255 64;
30 137 0 30 255 255 64;
29 138 0 30 255 255 64;
46 139 0 30 255 255 64;
32 140 0 30 255 255 64;
49 141 0 30 255 255 64;
46 142 0 30 255 255 64;
66 143 0 30 255 255 64;
17 144 0 30 255 255 64;
31 145 0 30 255 255 64;
30 146 0 30 255 255 64;
46 147 0 30 255 255 64;
30 148 0 30 255 255 64;
47 149 0 30 255 255 64;
47 150 0 30 255 255 64;
65 151 0 30 255 255 64;
30 152 0 30 255 255 64;
46 153 0 30 255 255 64;
45 154 0 30 255 255 64;
65 155 0 30 255 255 64;
48 156 0 30 255 255 64;
67 157 0 30 255 255 64;
65 158 0 30 255 255 64;
86 159 0 30 255 255 64;
18 160 0 30 255 255 64;
32 161 0 30 255 255 64;
29 162 0 30 255 255 64;
47 163 0 30 255 255 64;
31 164 0 30 255 255 64;
50 165 0 30 255 255 64;
47 166 0 30 255 255 64;
68 167 0 30 255 255 64;
30 168 0 30 255 255 64;
47 169 0 30 255 255 64;
45 170 0 30 255 255 64;
64 171 0 30 255 255 64;
48 172 0 30 255 255 64;
68 173 0 30 255 255 64;
65 174 0 30 255 255 64;
87 175 0 30 255 255 64;
30 176 0 30 255 255 64;
48 177 0 30 255 255 64;
46 178 0 30 255 255 64;
64 179 0 30 255 255 64;
48 180 0 30 255 255 64;
67 181 0 30 255 255 64;
66 182 0 30 255 255 64;
87 183 0 30 255 255 64;
46 184 0 30 255 255 64;
67 185 0 30 255 255 64;
62 186 0 30 255 255 64;
85 187 0 30 255 255 64;
66 188 0 30 255 255 64;
89 189 0 30 255 255 64;
85 190 0 30 255 255 64;
109 191 0 30 255 255 64;
14 192 0 30 255 255 64;
29 193 0 30 255 255 64;
29 194 0 30 255 255 64;
45 195 0 30 255 255 64;
29 196 0 30 255 255 64;
45 197 0 30 255 255 64;
47 198 0 30 255 255 64;
65 199 0 30 255 255 64;
29 200 0 30 255 255 64;
46 201 0 30 255 255 64;
44 202 0 30 255 255 64;
64 203 0 30 255 255 64;
47 204 0 30 255 255 64;
67 205 0 30 255 255 64;
64 206 0 30 255 255 64;
87 207 0 30 255 255 64;
29 208 0 30 255 255 64;
46 209 0 30 255 255 64;
45 210 0 30 255 255 64;
64 211 0 30 255 255 64;
45 212 0 30 255 255 64;
64 213 0 30 255 255 64;
64 214 0 30 255 255 64;
85 215 0 30 255 255 64;
45 216 0 30 255 255 64;
64 217 0 30 255 255 64;
64 218 0 30 255 255 64;
84 219 0 30 255 255 64;
66 220 0 30 255 255 64;
87 221 0 30 255 255 64;
86 222 0 30 255 255 64;
107 223 0 30 255 255 64;
30 224 0 30 255 255 64;
46 225 0 30 255 255 64;
44 226 0 30 255 255 64;
65 227 0 30 255 255 64;
47 228 0 30 255 255 64;
68 229 0 30 255 255 64;
65 230 0 30 255 255 64;
88 231 0 30 255 255 64;
45 232 0 30 255 255 64;
65 233 0 30 255 255 64;
62 234 0 30 255 255 64;
84 235 0 30 255 255 64;
67 236 0 30 255 255 64;
88 237 0 30 255 255 64;
85 238 0 30 255 255 64;
108 239 0 30 255 255 64;
45 240 0 30 255 255 64;
66 241 0 30 255 255 64;
64 242 0 30 255 255 64;
85 243 0 30 255 255 64;
67 244 0 30 255 255 64;
87 245 0 30 255 255 64;
85 246 0 30 255 255 64;
109 247 0 30 255 255 64;
65 248 0 30 255 255 64;
86 249 0 30 255 255 64;
84 250 0 30 255 255 64;
107 251 0 30 255 255 64;
87 252 0 30 255 255 64;
110 253 0 30 255 255 64;
108 254 0 30 255 255 64;
130 255 0 30 255 255 64;
]; % EOF
