% 106/20
% chanspec: 0xd06a
% tssi-idle_tssi    ipa     txlpf   pga     pad     txgm    bbmult   
tssi_ipa(:,:,4,3) = [ ...
-419 0 0 0 0 0 0; ... % idle_tssi
8 0 0 30 255 255 64;
10 1 0 30 255 255 64;
12 2 0 30 255 255 64;
21 3 0 30 255 255 64;
10 4 0 30 255 255 64;
22 5 0 30 255 255 64;
25 6 0 30 255 255 64;
41 7 0 30 255 255 64;
13 8 0 30 255 255 64;
25 9 0 30 255 255 64;
23 10 0 30 255 255 64;
39 11 0 30 255 255 64;
25 12 0 30 255 255 64;
43 13 0 30 255 255 64;
39 14 0 30 255 255 64;
62 15 0 30 255 255 64;
11 16 0 30 255 255 64;
22 17 0 30 255 255 64;
23 18 0 30 255 255 64;
38 19 0 30 255 255 64;
22 20 0 30 255 255 64;
38 21 0 30 255 255 64;
40 22 0 30 255 255 64;
60 23 0 30 255 255 64;
21 24 0 30 255 255 64;
41 25 0 30 255 255 64;
38 26 0 30 255 255 64;
59 27 0 30 255 255 64;
39 28 0 30 255 255 64;
60 29 0 30 255 255 64;
59 30 0 30 255 255 64;
84 31 0 30 255 255 64;
14 32 0 30 255 255 64;
23 33 0 30 255 255 64;
23 34 0 30 255 255 64;
40 35 0 30 255 255 64;
24 36 0 30 255 255 64;
42 37 0 30 255 255 64;
41 38 0 30 255 255 64;
61 39 0 30 255 255 64;
23 40 0 30 255 255 64;
40 41 0 30 255 255 64;
37 42 0 30 255 255 64;
61 43 0 30 255 255 64;
40 44 0 30 255 255 64;
63 45 0 30 255 255 64;
60 46 0 30 255 255 64;
84 47 0 30 255 255 64;
24 48 0 30 255 255 64;
39 49 0 30 255 255 64;
38 50 0 30 255 255 64;
60 51 0 30 255 255 64;
40 52 0 30 255 255 64;
62 53 0 30 255 255 64;
61 54 0 30 255 255 64;
84 55 0 30 255 255 64;
40 56 0 30 255 255 64;
61 57 0 30 255 255 64;
58 58 0 30 255 255 64;
82 59 0 30 255 255 64;
60 60 0 30 255 255 64;
84 61 0 30 255 255 64;
83 62 0 30 255 255 64;
107 63 0 30 255 255 64;
9 64 0 30 255 255 64;
22 65 0 30 255 255 64;
22 66 0 30 255 255 64;
37 67 0 30 255 255 64;
23 68 0 30 255 255 64;
37 69 0 30 255 255 64;
36 70 0 30 255 255 64;
60 71 0 30 255 255 64;
21 72 0 30 255 255 64;
39 73 0 30 255 255 64;
38 74 0 30 255 255 64;
59 75 0 30 255 255 64;
38 76 0 30 255 255 64;
60 77 0 30 255 255 64;
60 78 0 30 255 255 64;
83 79 0 30 255 255 64;
21 80 0 30 255 255 64;
37 81 0 30 255 255 64;
36 82 0 30 255 255 64;
57 83 0 30 255 255 64;
40 84 0 30 255 255 64;
58 85 0 30 255 255 64;
59 86 0 30 255 255 64;
81 87 0 30 255 255 64;
37 88 0 30 255 255 64;
58 89 0 30 255 255 64;
57 90 0 30 255 255 64;
82 91 0 30 255 255 64;
60 92 0 30 255 255 64;
83 93 0 30 255 255 64;
81 94 0 30 255 255 64;
106 95 0 30 255 255 64;
22 96 0 30 255 255 64;
39 97 0 30 255 255 64;
38 98 0 30 255 255 64;
59 99 0 30 255 255 64;
39 100 0 30 255 255 64;
62 101 0 30 255 255 64;
58 102 0 30 255 255 64;
83 103 0 30 255 255 64;
37 104 0 30 255 255 64;
60 105 0 30 255 255 64;
56 106 0 30 255 255 64;
82 107 0 30 255 255 64;
60 108 0 30 255 255 64;
86 109 0 30 255 255 64;
83 110 0 30 255 255 64;
107 111 0 30 255 255 64;
40 112 0 30 255 255 64;
59 113 0 30 255 255 64;
57 114 0 30 255 255 64;
83 115 0 30 255 255 64;
61 116 0 30 255 255 64;
83 117 0 30 255 255 64;
83 118 0 30 255 255 64;
107 119 0 30 255 255 64;
58 120 0 30 255 255 64;
83 121 0 30 255 255 64;
82 122 0 30 255 255 64;
107 123 0 30 255 255 64;
83 124 0 30 255 255 64;
109 125 0 30 255 255 64;
107 126 0 30 255 255 64;
134 127 0 30 255 255 64;
11 128 0 30 255 255 64;
23 129 0 30 255 255 64;
21 130 0 30 255 255 64;
38 131 0 30 255 255 64;
22 132 0 30 255 255 64;
41 133 0 30 255 255 64;
42 134 0 30 255 255 64;
62 135 0 30 255 255 64;
23 136 0 30 255 255 64;
40 137 0 30 255 255 64;
38 138 0 30 255 255 64;
58 139 0 30 255 255 64;
40 140 0 30 255 255 64;
64 141 0 30 255 255 64;
60 142 0 30 255 255 64;
84 143 0 30 255 255 64;
21 144 0 30 255 255 64;
38 145 0 30 255 255 64;
37 146 0 30 255 255 64;
57 147 0 30 255 255 64;
40 148 0 30 255 255 64;
59 149 0 30 255 255 64;
60 150 0 30 255 255 64;
84 151 0 30 255 255 64;
40 152 0 30 255 255 64;
60 153 0 30 255 255 64;
57 154 0 30 255 255 64;
81 155 0 30 255 255 64;
60 156 0 30 255 255 64;
84 157 0 30 255 255 64;
83 158 0 30 255 255 64;
109 159 0 30 255 255 64;
23 160 0 30 255 255 64;
40 161 0 30 255 255 64;
38 162 0 30 255 255 64;
60 163 0 30 255 255 64;
41 164 0 30 255 255 64;
62 165 0 30 255 255 64;
60 166 0 30 255 255 64;
84 167 0 30 255 255 64;
39 168 0 30 255 255 64;
61 169 0 30 255 255 64;
55 170 0 30 255 255 64;
83 171 0 30 255 255 64;
61 172 0 30 255 255 64;
87 173 0 30 255 255 64;
81 174 0 30 255 255 64;
107 175 0 30 255 255 64;
39 176 0 30 255 255 64;
60 177 0 30 255 255 64;
58 178 0 30 255 255 64;
83 179 0 30 255 255 64;
62 180 0 30 255 255 64;
86 181 0 30 255 255 64;
82 182 0 30 255 255 64;
109 183 0 30 255 255 64;
60 184 0 30 255 255 64;
85 185 0 30 255 255 64;
80 186 0 30 255 255 64;
105 187 0 30 255 255 64;
83 188 0 30 255 255 64;
110 189 0 30 255 255 64;
108 190 0 30 255 255 64;
134 191 0 30 255 255 64;
21 192 0 30 255 255 64;
36 193 0 30 255 255 64;
39 194 0 30 255 255 64;
58 195 0 30 255 255 64;
39 196 0 30 255 255 64;
60 197 0 30 255 255 64;
60 198 0 30 255 255 64;
82 199 0 30 255 255 64;
39 200 0 30 255 255 64;
61 201 0 30 255 255 64;
57 202 0 30 255 255 64;
81 203 0 30 255 255 64;
61 204 0 30 255 255 64;
84 205 0 30 255 255 64;
84 206 0 30 255 255 64;
109 207 0 30 255 255 64;
37 208 0 30 255 255 64;
59 209 0 30 255 255 64;
59 210 0 30 255 255 64;
82 211 0 30 255 255 64;
60 212 0 30 255 255 64;
83 213 0 30 255 255 64;
83 214 0 30 255 255 64;
107 215 0 30 255 255 64;
58 216 0 30 255 255 64;
83 217 0 30 255 255 64;
81 218 0 30 255 255 64;
106 219 0 30 255 255 64;
84 220 0 30 255 255 64;
110 221 0 30 255 255 64;
108 222 0 30 255 255 64;
135 223 0 30 255 255 64;
39 224 0 30 255 255 64;
61 225 0 30 255 255 64;
56 226 0 30 255 255 64;
83 227 0 30 255 255 64;
62 228 0 30 255 255 64;
85 229 0 30 255 255 64;
83 230 0 30 255 255 64;
110 231 0 30 255 255 64;
58 232 0 30 255 255 64;
83 233 0 30 255 255 64;
77 234 0 30 255 255 64;
106 235 0 30 255 255 64;
84 236 0 30 255 255 64;
110 237 0 30 255 255 64;
106 238 0 30 255 255 64;
134 239 0 30 255 255 64;
59 240 0 30 255 255 64;
85 241 0 30 255 255 64;
82 242 0 30 255 255 64;
108 243 0 30 255 255 64;
84 244 0 30 255 255 64;
111 245 0 30 255 255 64;
111 246 0 30 255 255 64;
135 247 0 30 255 255 64;
84 248 0 30 255 255 64;
108 249 0 30 255 255 64;
105 250 0 30 255 255 64;
132 251 0 30 255 255 64;
109 252 0 30 255 255 64;
136 253 0 30 255 255 64;
134 254 0 30 255 255 64;
159 255 0 30 255 255 64;
]; % EOF
