% 7/40L
% chanspec: 0x1807
% tssi-idle_tssi    ipa     txlpf   pga     pad     txgm    bbmult   
tssi_7_40L = [ ...
  -289 0 0 0 0 0 0; ... % idle_tssi
  714 255 0 255 255 255 51; ... % tssi[0]
  714 255 0 255 255 255 49; ... % tssi[1]
  711 255 0 255 255 255 48; ... % tssi[2]
  709 255 0 247 255 255 48; ... % tssi[3]
  706 255 0 238 255 255 48; ... % tssi[4]
  705 255 0 230 255 255 48; ... % tssi[5]
  700 255 0 223 255 255 48; ... % tssi[6]
  696 255 0 215 255 255 48; ... % tssi[7]
  691 255 0 207 255 255 47; ... % tssi[8]
  690 255 0 201 255 255 47; ... % tssi[9]
  683 255 0 194 255 255 48; ... % tssi[10]
  678 255 0 187 255 255 48; ... % tssi[11]
  674 255 0 182 255 255 49; ... % tssi[12]
  668 255 0 177 255 255 48; ... % tssi[13]
  663 255 0 170 255 255 48; ... % tssi[14]
  656 255 0 165 255 255 48; ... % tssi[15]
  647 255 0 160 255 255 48; ... % tssi[16]
  639 255 0 155 255 255 48; ... % tssi[17]
  628 255 0 149 255 255 48; ... % tssi[18]
  620 255 0 145 255 255 48; ... % tssi[19]
  612 255 0 141 255 255 48; ... % tssi[20]
  602 255 0 136 255 255 48; ... % tssi[21]
  592 255 0 133 255 255 48; ... % tssi[22]
  578 255 0 128 255 255 48; ... % tssi[23]
  559 255 0 124 255 255 47; ... % tssi[24]
  546 255 0 120 255 255 47; ... % tssi[25]
  534 255 0 117 255 255 48; ... % tssi[26]
  519 255 0 113 255 255 48; ... % tssi[27]
  509 255 0 110 255 255 48; ... % tssi[28]
  491 255 0 106 255 255 47; ... % tssi[29]
  478 255 0 103 255 255 48; ... % tssi[30]
  464 255 0 100 255 255 48; ... % tssi[31]
  449 255 0 97 255 255 47; ... % tssi[32]
  431 255 0 94 255 255 48; ... % tssi[33]
  416 255 0 91 255 255 48; ... % tssi[34]
  399 255 0 88 255 255 48; ... % tssi[35]
  388 255 0 86 255 255 48; ... % tssi[36]
  370 255 0 83 255 255 48; ... % tssi[37]
  358 255 0 81 255 255 48; ... % tssi[38]
  346 255 0 78 255 255 48; ... % tssi[39]
  332 255 0 76 255 255 48; ... % tssi[40]
  324 255 0 74 255 255 48; ... % tssi[41]
  309 255 0 72 255 255 48; ... % tssi[42]
  296 255 0 70 255 255 48; ... % tssi[43]
  285 255 0 68 255 255 48; ... % tssi[44]
  266 255 0 65 255 255 48; ... % tssi[45]
  261 255 0 63 255 255 48; ... % tssi[46]
  248 255 0 61 255 255 48; ... % tssi[47]
  234 255 0 59 255 255 47; ... % tssi[48]
  228 255 0 58 255 255 47; ... % tssi[49]
  216 255 0 56 255 255 47; ... % tssi[50]
  211 255 0 55 255 255 47; ... % tssi[51]
  198 255 0 53 255 255 48; ... % tssi[52]
  185 255 0 51 255 255 48; ... % tssi[53]
  178 255 0 50 255 255 48; ... % tssi[54]
  166 255 0 48 255 255 48; ... % tssi[55]
  165 255 0 47 255 255 48; ... % tssi[56]
  160 255 0 46 255 255 47; ... % tssi[57]
  148 255 0 44 255 255 48; ... % tssi[58]
  141 255 0 43 255 255 48; ... % tssi[59]
  134 255 0 42 255 255 47; ... % tssi[60]
  121 255 0 40 255 255 48; ... % tssi[61]
  118 255 0 39 255 255 48; ... % tssi[62]
  118 255 0 39 255 255 47; ... % tssi[63]
  106 255 0 37 255 255 48; ... % tssi[64]
  100 255 0 36 255 255 48; ... % tssi[65]
  94 255 0 35 255 255 48; ... % tssi[66]
  89 255 0 34 255 255 48; ... % tssi[67]
  83 255 0 33 255 255 48; ... % tssi[68]
  79 255 0 32 255 255 48; ... % tssi[69]
  72 255 0 31 255 255 48; ... % tssi[70]
  66 255 0 30 255 255 48; ... % tssi[71]
  62 255 0 29 255 255 47; ... % tssi[72]
  58 255 0 28 255 255 48; ... % tssi[73]
  52 255 0 27 255 255 48; ... % tssi[74]
  49 255 0 26 255 255 48; ... % tssi[75]
  45 255 0 25 255 255 48; ... % tssi[76]
  44 255 0 25 255 255 48; ... % tssi[77]
  41 255 0 24 255 255 47; ... % tssi[78]
  37 255 0 23 255 255 48; ... % tssi[79]
  39 255 0 23 255 255 47; ... % tssi[80]
  33 255 0 22 255 255 48; ... % tssi[81]
  30 255 0 21 255 255 48; ... % tssi[82]
  31 255 0 21 255 255 47; ... % tssi[83]
  28 255 0 20 255 255 48; ... % tssi[84]
  27 255 0 20 255 255 47; ... % tssi[85]
  24 255 0 19 255 255 48; ... % tssi[86]
  21 255 0 18 255 255 49; ... % tssi[87]
  22 255 0 18 255 255 48; ... % tssi[88]
  19 255 0 17 255 255 49; ... % tssi[89]
  18 255 0 17 255 255 48; ... % tssi[90]
  16 255 0 16 255 255 48; ... % tssi[91]
  16 255 0 16 255 255 46; ... % tssi[92]
  16 255 0 15 255 255 47; ... % tssi[93]
  15 255 0 15 255 255 46; ... % tssi[94]
  13 255 0 14 255 255 48; ... % tssi[95]
  13 255 0 14 255 255 47; ... % tssi[96]
  13 255 0 14 255 255 45; ... % tssi[97]
  11 255 0 13 255 255 46; ... % tssi[98]
  11 255 0 13 255 255 44; ... % tssi[99]
  9 255 0 12 255 255 44; ... % tssi[100]
  10 255 0 12 255 255 43; ... % tssi[101]
  10 255 0 12 255 255 42; ... % tssi[102]
  8 255 0 11 255 255 44; ... % tssi[103]
  7 255 0 11 255 255 43; ... % tssi[104]
  7 255 0 10 255 255 44; ... % tssi[105]
  6 255 0 10 255 255 43; ... % tssi[106]
  8 255 0 10 255 255 42; ... % tssi[107]
  6 255 0 9 255 255 44; ... % tssi[108]
  5 255 0 9 255 255 43; ... % tssi[109]
  5 255 0 9 255 255 42; ... % tssi[110]
  5 255 0 9 255 255 41; ... % tssi[111]
  5 255 0 8 255 255 44; ... % tssi[112]
  4 255 0 8 255 255 42; ... % tssi[113]
  4 255 0 8 255 255 41; ... % tssi[114]
  3 255 0 8 255 255 39; ... % tssi[115]
  2 255 0 7 255 255 41; ... % tssi[116]
  5 255 0 7 255 255 40; ... % tssi[117]
  2 255 0 7 255 255 39; ... % tssi[118]
  2 255 0 7 255 255 38; ... % tssi[119]
  4 255 0 7 255 255 37; ... % tssi[120]
  2 255 0 6 255 255 36; ... % tssi[121]
  2 255 0 6 255 255 35; ... % tssi[122]
  2 255 0 6 255 255 34; ... % tssi[123]
  3 255 0 6 255 255 33; ... % tssi[124]
  1 255 0 6 255 255 32; ... % tssi[125]
  1 255 0 5 255 255 31; ... % tssi[126]
  1 255 0 5 255 255 28; ... % tssi[127]
];