% 7/80L
% chanspec: 0x2007
% tssi-idle_tssi    ipa     txlpf   pga     pad     txgm    bbmult   
tssi_7_80L = [ ...
  -294 0 0 0 0 0 0; ... % idle_tssi
  714 255 0 255 255 255 51; ... % tssi[0]
  711 255 0 255 255 255 49; ... % tssi[1]
  710 255 0 255 255 255 48; ... % tssi[2]
  705 255 0 247 255 255 48; ... % tssi[3]
  701 255 0 238 255 255 48; ... % tssi[4]
  696 255 0 230 255 255 48; ... % tssi[5]
  690 255 0 223 255 255 48; ... % tssi[6]
  685 255 0 215 255 255 48; ... % tssi[7]
  678 255 0 207 255 255 47; ... % tssi[8]
  672 255 0 201 255 255 47; ... % tssi[9]
  665 255 0 194 255 255 48; ... % tssi[10]
  657 255 0 187 255 255 48; ... % tssi[11]
  651 255 0 182 255 255 49; ... % tssi[12]
  643 255 0 177 255 255 48; ... % tssi[13]
  633 255 0 170 255 255 48; ... % tssi[14]
  623 255 0 165 255 255 48; ... % tssi[15]
  612 255 0 160 255 255 48; ... % tssi[16]
  602 255 0 155 255 255 48; ... % tssi[17]
  587 255 0 149 255 255 48; ... % tssi[18]
  576 255 0 145 255 255 48; ... % tssi[19]
  568 255 0 141 255 255 48; ... % tssi[20]
  553 255 0 136 255 255 48; ... % tssi[21]
  543 255 0 133 255 255 48; ... % tssi[22]
  527 255 0 128 255 255 48; ... % tssi[23]
  505 255 0 124 255 255 47; ... % tssi[24]
  488 255 0 120 255 255 47; ... % tssi[25]
  476 255 0 117 255 255 48; ... % tssi[26]
  460 255 0 113 255 255 48; ... % tssi[27]
  450 255 0 110 255 255 48; ... % tssi[28]
  432 255 0 106 255 255 47; ... % tssi[29]
  417 255 0 103 255 255 48; ... % tssi[30]
  404 255 0 100 255 255 48; ... % tssi[31]
  389 255 0 97 255 255 47; ... % tssi[32]
  372 255 0 94 255 255 48; ... % tssi[33]
  357 255 0 91 255 255 48; ... % tssi[34]
  341 255 0 88 255 255 48; ... % tssi[35]
  331 255 0 86 255 255 48; ... % tssi[36]
  316 255 0 83 255 255 48; ... % tssi[37]
  304 255 0 81 255 255 48; ... % tssi[38]
  292 255 0 78 255 255 48; ... % tssi[39]
  282 255 0 76 255 255 48; ... % tssi[40]
  269 255 0 74 255 255 48; ... % tssi[41]
  259 255 0 72 255 255 48; ... % tssi[42]
  249 255 0 70 255 255 48; ... % tssi[43]
  238 255 0 68 255 255 48; ... % tssi[44]
  221 255 0 65 255 255 48; ... % tssi[45]
  217 255 0 63 255 255 48; ... % tssi[46]
  205 255 0 61 255 255 48; ... % tssi[47]
  194 255 0 59 255 255 47; ... % tssi[48]
  189 255 0 58 255 255 47; ... % tssi[49]
  176 255 0 56 255 255 47; ... % tssi[50]
  172 255 0 55 255 255 47; ... % tssi[51]
  161 255 0 53 255 255 48; ... % tssi[52]
  150 255 0 51 255 255 48; ... % tssi[53]
  144 255 0 50 255 255 48; ... % tssi[54]
  134 255 0 48 255 255 48; ... % tssi[55]
  133 255 0 47 255 255 48; ... % tssi[56]
  128 255 0 46 255 255 47; ... % tssi[57]
  118 255 0 44 255 255 48; ... % tssi[58]
  113 255 0 43 255 255 48; ... % tssi[59]
  107 255 0 42 255 255 47; ... % tssi[60]
  98 255 0 40 255 255 48; ... % tssi[61]
  93 255 0 39 255 255 48; ... % tssi[62]
  93 255 0 39 255 255 47; ... % tssi[63]
  84 255 0 37 255 255 48; ... % tssi[64]
  80 255 0 36 255 255 48; ... % tssi[65]
  75 255 0 35 255 255 48; ... % tssi[66]
  70 255 0 34 255 255 48; ... % tssi[67]
  66 255 0 33 255 255 48; ... % tssi[68]
  63 255 0 32 255 255 48; ... % tssi[69]
  55 255 0 31 255 255 48; ... % tssi[70]
  53 255 0 30 255 255 48; ... % tssi[71]
  49 255 0 29 255 255 47; ... % tssi[72]
  45 255 0 28 255 255 48; ... % tssi[73]
  41 255 0 27 255 255 48; ... % tssi[74]
  39 255 0 26 255 255 48; ... % tssi[75]
  35 255 0 25 255 255 48; ... % tssi[76]
  35 255 0 25 255 255 48; ... % tssi[77]
  31 255 0 24 255 255 47; ... % tssi[78]
  30 255 0 23 255 255 48; ... % tssi[79]
  30 255 0 23 255 255 47; ... % tssi[80]
  27 255 0 22 255 255 48; ... % tssi[81]
  25 255 0 21 255 255 48; ... % tssi[82]
  25 255 0 21 255 255 47; ... % tssi[83]
  21 255 0 20 255 255 48; ... % tssi[84]
  22 255 0 20 255 255 47; ... % tssi[85]
  20 255 0 19 255 255 48; ... % tssi[86]
  17 255 0 18 255 255 49; ... % tssi[87]
  18 255 0 18 255 255 48; ... % tssi[88]
  15 255 0 17 255 255 49; ... % tssi[89]
  15 255 0 17 255 255 48; ... % tssi[90]
  14 255 0 16 255 255 48; ... % tssi[91]
  13 255 0 16 255 255 46; ... % tssi[92]
  13 255 0 15 255 255 47; ... % tssi[93]
  13 255 0 15 255 255 46; ... % tssi[94]
  12 255 0 14 255 255 48; ... % tssi[95]
  12 255 0 14 255 255 47; ... % tssi[96]
  11 255 0 14 255 255 45; ... % tssi[97]
  11 255 0 13 255 255 46; ... % tssi[98]
  9 255 0 13 255 255 44; ... % tssi[99]
  9 255 0 12 255 255 44; ... % tssi[100]
  9 255 0 12 255 255 43; ... % tssi[101]
  9 255 0 12 255 255 42; ... % tssi[102]
  8 255 0 11 255 255 44; ... % tssi[103]
  7 255 0 11 255 255 43; ... % tssi[104]
  7 255 0 10 255 255 44; ... % tssi[105]
  6 255 0 10 255 255 43; ... % tssi[106]
  6 255 0 10 255 255 42; ... % tssi[107]
  6 255 0 9 255 255 44; ... % tssi[108]
  5 255 0 9 255 255 43; ... % tssi[109]
  6 255 0 9 255 255 42; ... % tssi[110]
  6 255 0 9 255 255 41; ... % tssi[111]
  4 255 0 8 255 255 44; ... % tssi[112]
  4 255 0 8 255 255 42; ... % tssi[113]
  5 255 0 8 255 255 41; ... % tssi[114]
  4 255 0 8 255 255 39; ... % tssi[115]
  4 255 0 7 255 255 41; ... % tssi[116]
  4 255 0 7 255 255 40; ... % tssi[117]
  4 255 0 7 255 255 39; ... % tssi[118]
  4 255 0 7 255 255 38; ... % tssi[119]
  3 255 0 7 255 255 37; ... % tssi[120]
  3 255 0 6 255 255 36; ... % tssi[121]
  3 255 0 6 255 255 35; ... % tssi[122]
  3 255 0 6 255 255 34; ... % tssi[123]
  3 255 0 6 255 255 33; ... % tssi[124]
  2 255 0 6 255 255 32; ... % tssi[125]
  2 255 0 5 255 255 31; ... % tssi[126]
  3 255 0 5 255 255 28; ... % tssi[127]
];