% 106/20
% chanspec: 0xd06a
% tssi-idle_tssi    ipa     txlpf   pga     pad     txgm    bbmult   
tssi_106_20 = [ ...
  -407 0 0 0 0 0 0; ... % idle_tssi
  918 255 0 255 255 255 51; ... % tssi[0]
  918 255 0 255 255 255 49; ... % tssi[1]
  918 255 0 255 255 255 48; ... % tssi[2]
  918 255 0 247 255 255 48; ... % tssi[3]
  918 255 0 238 255 255 48; ... % tssi[4]
  918 255 0 230 255 255 48; ... % tssi[5]
  918 255 0 223 255 255 48; ... % tssi[6]
  918 255 0 215 255 255 48; ... % tssi[7]
  918 255 0 207 255 255 47; ... % tssi[8]
  918 255 0 201 255 255 47; ... % tssi[9]
  918 255 0 194 255 255 48; ... % tssi[10]
  918 255 0 187 255 255 48; ... % tssi[11]
  918 255 0 182 255 255 49; ... % tssi[12]
  918 255 0 177 255 255 48; ... % tssi[13]
  918 255 0 170 255 255 48; ... % tssi[14]
  918 255 0 165 255 255 48; ... % tssi[15]
  918 255 0 160 255 255 48; ... % tssi[16]
  918 255 0 155 255 255 48; ... % tssi[17]
  918 255 0 149 255 255 48; ... % tssi[18]
  914 255 0 145 255 255 48; ... % tssi[19]
  906 255 0 141 255 255 48; ... % tssi[20]
  899 255 0 136 255 255 48; ... % tssi[21]
  892 255 0 133 255 255 48; ... % tssi[22]
  881 255 0 128 255 255 48; ... % tssi[23]
  870 255 0 124 255 255 47; ... % tssi[24]
  858 255 0 120 255 255 47; ... % tssi[25]
  848 255 0 117 255 255 48; ... % tssi[26]
  834 255 0 113 255 255 48; ... % tssi[27]
  826 255 0 110 255 255 48; ... % tssi[28]
  808 255 0 106 255 255 47; ... % tssi[29]
  790 255 0 103 255 255 48; ... % tssi[30]
  775 255 0 100 255 255 48; ... % tssi[31]
  759 255 0 97 255 255 47; ... % tssi[32]
  746 255 0 94 255 255 48; ... % tssi[33]
  729 255 0 91 255 255 48; ... % tssi[34]
  705 255 0 88 255 255 48; ... % tssi[35]
  693 255 0 86 255 255 48; ... % tssi[36]
  675 255 0 83 255 255 48; ... % tssi[37]
  657 255 0 81 255 255 48; ... % tssi[38]
  643 255 0 78 255 255 48; ... % tssi[39]
  625 255 0 76 255 255 48; ... % tssi[40]
  611 255 0 74 255 255 48; ... % tssi[41]
  595 255 0 72 255 255 48; ... % tssi[42]
  581 255 0 70 255 255 48; ... % tssi[43]
  564 255 0 68 255 255 48; ... % tssi[44]
  542 255 0 65 255 255 48; ... % tssi[45]
  525 255 0 63 255 255 48; ... % tssi[46]
  511 255 0 61 255 255 48; ... % tssi[47]
  495 255 0 59 255 255 47; ... % tssi[48]
  486 255 0 58 255 255 47; ... % tssi[49]
  472 255 0 56 255 255 47; ... % tssi[50]
  462 255 0 55 255 255 47; ... % tssi[51]
  444 255 0 53 255 255 48; ... % tssi[52]
  428 255 0 51 255 255 48; ... % tssi[53]
  419 255 0 50 255 255 48; ... % tssi[54]
  403 255 0 48 255 255 48; ... % tssi[55]
  399 255 0 47 255 255 48; ... % tssi[56]
  389 255 0 46 255 255 47; ... % tssi[57]
  371 255 0 44 255 255 48; ... % tssi[58]
  363 255 0 43 255 255 48; ... % tssi[59]
  354 255 0 42 255 255 47; ... % tssi[60]
  335 255 0 40 255 255 48; ... % tssi[61]
  325 255 0 39 255 255 48; ... % tssi[62]
  315 255 0 38 255 255 47; ... % tssi[63]
  315 255 0 38 255 255 48; ... % tssi[64]
  295 255 0 36 255 255 48; ... % tssi[65]
  288 255 0 35 255 255 48; ... % tssi[66]
  278 255 0 34 255 255 48; ... % tssi[67]
  268 255 0 33 255 255 48; ... % tssi[68]
  258 255 0 32 255 255 48; ... % tssi[69]
  255 255 0 31 255 255 48; ... % tssi[70]
  244 255 0 30 255 255 48; ... % tssi[71]
  234 255 0 29 255 255 47; ... % tssi[72]
  224 255 0 28 255 255 48; ... % tssi[73]
  214 255 0 27 255 255 48; ... % tssi[74]
  204 255 0 26 255 255 48; ... % tssi[75]
  194 255 0 25 255 255 48; ... % tssi[76]
  192 255 0 25 255 255 48; ... % tssi[77]
  182 255 0 24 255 255 47; ... % tssi[78]
  173 255 0 23 255 255 48; ... % tssi[79]
  173 255 0 23 255 255 48; ... % tssi[80]
  163 255 0 22 255 255 48; ... % tssi[81]
  152 255 0 21 255 255 48; ... % tssi[82]
  153 255 0 21 255 255 47; ... % tssi[83]
  139 255 0 20 255 255 48; ... % tssi[84]
  138 255 0 20 255 255 48; ... % tssi[85]
  133 255 0 19 255 255 48; ... % tssi[86]
  122 255 0 18 255 255 48; ... % tssi[87]
  120 255 0 18 255 255 49; ... % tssi[88]
  110 255 0 17 255 255 48; ... % tssi[89]
  112 255 0 17 255 255 48; ... % tssi[90]
  99 255 0 16 255 255 47; ... % tssi[91]
  102 255 0 16 255 255 48; ... % tssi[92]
  94 255 0 15 255 255 47; ... % tssi[93]
  94 255 0 15 255 255 47; ... % tssi[94]
  81 255 0 14 255 255 48; ... % tssi[95]
  84 255 0 14 255 255 48; ... % tssi[96]
  83 255 0 14 255 255 48; ... % tssi[97]
  73 255 0 13 255 255 47; ... % tssi[98]
  74 255 0 13 255 255 49; ... % tssi[99]
  65 255 0 12 255 255 48; ... % tssi[100]
  65 255 0 12 255 255 48; ... % tssi[101]
  65 255 0 12 255 255 48; ... % tssi[102]
  57 255 0 11 255 255 46; ... % tssi[103]
  58 255 0 11 255 255 48; ... % tssi[104]
  48 255 0 10 255 255 47; ... % tssi[105]
  49 255 0 10 255 255 48; ... % tssi[106]
  49 255 0 10 255 255 47; ... % tssi[107]
  40 255 0 9 255 255 46; ... % tssi[108]
  40 255 0 9 255 255 45; ... % tssi[109]
  40 255 0 9 255 255 51; ... % tssi[110]
  40 255 0 9 255 255 49; ... % tssi[111]
  33 255 0 8 255 255 48; ... % tssi[112]
  31 255 0 8 255 255 46; ... % tssi[113]
  32 255 0 8 255 255 48; ... % tssi[114]
  32 255 0 8 255 255 46; ... % tssi[115]
  25 255 0 7 255 255 49; ... % tssi[116]
  27 255 0 7 255 255 48; ... % tssi[117]
  24 255 0 7 255 255 46; ... % tssi[118]
  25 255 0 7 255 255 48; ... % tssi[119]
  25 255 0 7 255 255 47; ... % tssi[120]
  19 255 0 6 255 255 45; ... % tssi[121]
  19 255 0 6 255 255 45; ... % tssi[122]
  18 255 0 6 255 255 43; ... % tssi[123]
  18 255 0 6 255 255 42; ... % tssi[124]
  19 255 0 6 255 255 41; ... % tssi[125]
  12 255 0 5 255 255 39; ... % tssi[126]
  13 255 0 5 255 255 39; ... % tssi[127]
];