% 7/20
% chanspec: 0x1007
% tssi-idle_tssi    ipa     txlpf   pga     pad     txgm    bbmult   
tssi_7_20 = [ ...
  -297 0 0 0 0 0 0; ... % idle_tssi
  729 255 0 255 255 255 51; ... % tssi[0]
  727 255 0 255 255 255 49; ... % tssi[1]
  724 255 0 255 255 255 48; ... % tssi[2]
  723 255 0 247 255 255 48; ... % tssi[3]
  720 255 0 238 255 255 48; ... % tssi[4]
  717 255 0 230 255 255 48; ... % tssi[5]
  712 255 0 223 255 255 48; ... % tssi[6]
  708 255 0 215 255 255 48; ... % tssi[7]
  705 255 0 207 255 255 47; ... % tssi[8]
  702 255 0 201 255 255 47; ... % tssi[9]
  697 255 0 194 255 255 48; ... % tssi[10]
  693 255 0 187 255 255 48; ... % tssi[11]
  685 255 0 182 255 255 49; ... % tssi[12]
  682 255 0 177 255 255 48; ... % tssi[13]
  674 255 0 170 255 255 48; ... % tssi[14]
  669 255 0 165 255 255 48; ... % tssi[15]
  659 255 0 160 255 255 48; ... % tssi[16]
  651 255 0 155 255 255 48; ... % tssi[17]
  640 255 0 149 255 255 48; ... % tssi[18]
  630 255 0 145 255 255 48; ... % tssi[19]
  624 255 0 141 255 255 48; ... % tssi[20]
  614 255 0 136 255 255 48; ... % tssi[21]
  603 255 0 133 255 255 48; ... % tssi[22]
  589 255 0 128 255 255 48; ... % tssi[23]
  572 255 0 124 255 255 47; ... % tssi[24]
  559 255 0 120 255 255 47; ... % tssi[25]
  547 255 0 117 255 255 48; ... % tssi[26]
  532 255 0 113 255 255 48; ... % tssi[27]
  523 255 0 110 255 255 48; ... % tssi[28]
  505 255 0 106 255 255 47; ... % tssi[29]
  491 255 0 103 255 255 48; ... % tssi[30]
  478 255 0 100 255 255 48; ... % tssi[31]
  462 255 0 97 255 255 47; ... % tssi[32]
  444 255 0 94 255 255 48; ... % tssi[33]
  428 255 0 91 255 255 48; ... % tssi[34]
  411 255 0 88 255 255 48; ... % tssi[35]
  398 255 0 86 255 255 48; ... % tssi[36]
  383 255 0 83 255 255 48; ... % tssi[37]
  371 255 0 81 255 255 48; ... % tssi[38]
  358 255 0 78 255 255 48; ... % tssi[39]
  346 255 0 76 255 255 48; ... % tssi[40]
  333 255 0 74 255 255 48; ... % tssi[41]
  320 255 0 72 255 255 48; ... % tssi[42]
  309 255 0 70 255 255 48; ... % tssi[43]
  296 255 0 68 255 255 48; ... % tssi[44]
  276 255 0 65 255 255 48; ... % tssi[45]
  271 255 0 63 255 255 48; ... % tssi[46]
  260 255 0 61 255 255 48; ... % tssi[47]
  244 255 0 59 255 255 47; ... % tssi[48]
  237 255 0 58 255 255 47; ... % tssi[49]
  224 255 0 56 255 255 47; ... % tssi[50]
  220 255 0 55 255 255 47; ... % tssi[51]
  205 255 0 53 255 255 48; ... % tssi[52]
  192 255 0 51 255 255 48; ... % tssi[53]
  186 255 0 50 255 255 48; ... % tssi[54]
  174 255 0 48 255 255 48; ... % tssi[55]
  173 255 0 47 255 255 48; ... % tssi[56]
  166 255 0 46 255 255 47; ... % tssi[57]
  156 255 0 44 255 255 48; ... % tssi[58]
  148 255 0 43 255 255 48; ... % tssi[59]
  142 255 0 42 255 255 47; ... % tssi[60]
  129 255 0 40 255 255 48; ... % tssi[61]
  124 255 0 39 255 255 48; ... % tssi[62]
  124 255 0 39 255 255 47; ... % tssi[63]
  112 255 0 37 255 255 48; ... % tssi[64]
  106 255 0 36 255 255 48; ... % tssi[65]
  100 255 0 35 255 255 48; ... % tssi[66]
  94 255 0 34 255 255 48; ... % tssi[67]
  88 255 0 33 255 255 48; ... % tssi[68]
  83 255 0 32 255 255 48; ... % tssi[69]
  76 255 0 31 255 255 48; ... % tssi[70]
  70 255 0 30 255 255 48; ... % tssi[71]
  67 255 0 29 255 255 47; ... % tssi[72]
  62 255 0 28 255 255 48; ... % tssi[73]
  55 255 0 27 255 255 48; ... % tssi[74]
  53 255 0 26 255 255 48; ... % tssi[75]
  48 255 0 25 255 255 48; ... % tssi[76]
  47 255 0 25 255 255 48; ... % tssi[77]
  44 255 0 24 255 255 47; ... % tssi[78]
  40 255 0 23 255 255 48; ... % tssi[79]
  41 255 0 23 255 255 47; ... % tssi[80]
  38 255 0 22 255 255 48; ... % tssi[81]
  34 255 0 21 255 255 48; ... % tssi[82]
  33 255 0 21 255 255 47; ... % tssi[83]
  30 255 0 20 255 255 48; ... % tssi[84]
  31 255 0 20 255 255 47; ... % tssi[85]
  24 255 0 19 255 255 48; ... % tssi[86]
  24 255 0 18 255 255 49; ... % tssi[87]
  24 255 0 18 255 255 48; ... % tssi[88]
  20 255 0 17 255 255 49; ... % tssi[89]
  20 255 0 17 255 255 48; ... % tssi[90]
  18 255 0 16 255 255 48; ... % tssi[91]
  17 255 0 16 255 255 46; ... % tssi[92]
  19 255 0 15 255 255 47; ... % tssi[93]
  17 255 0 15 255 255 46; ... % tssi[94]
  17 255 0 14 255 255 48; ... % tssi[95]
  15 255 0 14 255 255 47; ... % tssi[96]
  16 255 0 14 255 255 45; ... % tssi[97]
  14 255 0 13 255 255 46; ... % tssi[98]
  14 255 0 13 255 255 44; ... % tssi[99]
  13 255 0 12 255 255 44; ... % tssi[100]
  12 255 0 12 255 255 43; ... % tssi[101]
  11 255 0 12 255 255 42; ... % tssi[102]
  11 255 0 11 255 255 44; ... % tssi[103]
  10 255 0 11 255 255 43; ... % tssi[104]
  7 255 0 10 255 255 44; ... % tssi[105]
  9 255 0 10 255 255 43; ... % tssi[106]
  9 255 0 10 255 255 42; ... % tssi[107]
  8 255 0 9 255 255 44; ... % tssi[108]
  6 255 0 9 255 255 43; ... % tssi[109]
  8 255 0 9 255 255 42; ... % tssi[110]
  7 255 0 9 255 255 41; ... % tssi[111]
  6 255 0 8 255 255 44; ... % tssi[112]
  5 255 0 8 255 255 42; ... % tssi[113]
  4 255 0 8 255 255 41; ... % tssi[114]
  7 255 0 8 255 255 39; ... % tssi[115]
  5 255 0 7 255 255 41; ... % tssi[116]
  5 255 0 7 255 255 40; ... % tssi[117]
  6 255 0 7 255 255 39; ... % tssi[118]
  5 255 0 7 255 255 38; ... % tssi[119]
  5 255 0 7 255 255 37; ... % tssi[120]
  4 255 0 6 255 255 36; ... % tssi[121]
  3 255 0 6 255 255 35; ... % tssi[122]
  4 255 0 6 255 255 34; ... % tssi[123]
  5 255 0 6 255 255 33; ... % tssi[124]
  5 255 0 6 255 255 32; ... % tssi[125]
  4 255 0 5 255 255 31; ... % tssi[126]
  3 255 0 5 255 255 28; ... % tssi[127]
];