% 106/80L
% chanspec: 0xe06a
% tssi-idle_tssi    ipa     txlpf   pga     pad     txgm    bbmult   
tssi_106_80L = [ ...
  -405 0 0 0 0 0 0; ... % idle_tssi
  915 255 0 255 255 255 51; ... % tssi[0]
  916 255 0 255 255 255 49; ... % tssi[1]
  916 255 0 255 255 255 48; ... % tssi[2]
  916 255 0 247 255 255 48; ... % tssi[3]
  916 255 0 238 255 255 48; ... % tssi[4]
  916 255 0 230 255 255 48; ... % tssi[5]
  916 255 0 223 255 255 48; ... % tssi[6]
  916 255 0 215 255 255 48; ... % tssi[7]
  916 255 0 207 255 255 47; ... % tssi[8]
  916 255 0 201 255 255 47; ... % tssi[9]
  916 255 0 194 255 255 48; ... % tssi[10]
  916 255 0 187 255 255 48; ... % tssi[11]
  915 255 0 182 255 255 49; ... % tssi[12]
  915 255 0 177 255 255 48; ... % tssi[13]
  910 255 0 170 255 255 48; ... % tssi[14]
  905 255 0 165 255 255 48; ... % tssi[15]
  896 255 0 160 255 255 48; ... % tssi[16]
  888 255 0 155 255 255 48; ... % tssi[17]
  876 255 0 149 255 255 48; ... % tssi[18]
  868 255 0 145 255 255 48; ... % tssi[19]
  858 255 0 141 255 255 48; ... % tssi[20]
  846 255 0 136 255 255 48; ... % tssi[21]
  836 255 0 133 255 255 48; ... % tssi[22]
  821 255 0 128 255 255 48; ... % tssi[23]
  805 255 0 124 255 255 47; ... % tssi[24]
  789 255 0 120 255 255 47; ... % tssi[25]
  777 255 0 117 255 255 48; ... % tssi[26]
  758 255 0 113 255 255 48; ... % tssi[27]
  745 255 0 110 255 255 48; ... % tssi[28]
  724 255 0 106 255 255 47; ... % tssi[29]
  709 255 0 103 255 255 48; ... % tssi[30]
  691 255 0 100 255 255 48; ... % tssi[31]
  674 255 0 97 255 255 47; ... % tssi[32]
  661 255 0 94 255 255 48; ... % tssi[33]
  644 255 0 91 255 255 48; ... % tssi[34]
  624 255 0 88 255 255 48; ... % tssi[35]
  612 255 0 86 255 255 48; ... % tssi[36]
  593 255 0 83 255 255 48; ... % tssi[37]
  580 255 0 81 255 255 48; ... % tssi[38]
  563 255 0 78 255 255 48; ... % tssi[39]
  550 255 0 76 255 255 48; ... % tssi[40]
  537 255 0 74 255 255 48; ... % tssi[41]
  522 255 0 72 255 255 48; ... % tssi[42]
  509 255 0 70 255 255 48; ... % tssi[43]
  494 255 0 68 255 255 48; ... % tssi[44]
  474 255 0 65 255 255 48; ... % tssi[45]
  460 255 0 63 255 255 48; ... % tssi[46]
  446 255 0 61 255 255 48; ... % tssi[47]
  432 255 0 59 255 255 47; ... % tssi[48]
  424 255 0 58 255 255 47; ... % tssi[49]
  409 255 0 56 255 255 47; ... % tssi[50]
  401 255 0 55 255 255 47; ... % tssi[51]
  386 255 0 53 255 255 48; ... % tssi[52]
  372 255 0 51 255 255 48; ... % tssi[53]
  364 255 0 50 255 255 48; ... % tssi[54]
  347 255 0 48 255 255 48; ... % tssi[55]
  344 255 0 47 255 255 48; ... % tssi[56]
  336 255 0 46 255 255 47; ... % tssi[57]
  320 255 0 44 255 255 48; ... % tssi[58]
  313 255 0 43 255 255 48; ... % tssi[59]
  303 255 0 42 255 255 47; ... % tssi[60]
  286 255 0 40 255 255 48; ... % tssi[61]
  278 255 0 39 255 255 48; ... % tssi[62]
  269 255 0 38 255 255 47; ... % tssi[63]
  268 255 0 38 255 255 48; ... % tssi[64]
  251 255 0 36 255 255 48; ... % tssi[65]
  244 255 0 35 255 255 48; ... % tssi[66]
  234 255 0 34 255 255 48; ... % tssi[67]
  226 255 0 33 255 255 48; ... % tssi[68]
  217 255 0 32 255 255 48; ... % tssi[69]
  215 255 0 31 255 255 48; ... % tssi[70]
  206 255 0 30 255 255 48; ... % tssi[71]
  197 255 0 29 255 255 47; ... % tssi[72]
  187 255 0 28 255 255 48; ... % tssi[73]
  179 255 0 27 255 255 48; ... % tssi[74]
  170 255 0 26 255 255 48; ... % tssi[75]
  161 255 0 25 255 255 48; ... % tssi[76]
  161 255 0 25 255 255 48; ... % tssi[77]
  151 255 0 24 255 255 47; ... % tssi[78]
  142 255 0 23 255 255 48; ... % tssi[79]
  142 255 0 23 255 255 48; ... % tssi[80]
  133 255 0 22 255 255 48; ... % tssi[81]
  124 255 0 21 255 255 48; ... % tssi[82]
  124 255 0 21 255 255 47; ... % tssi[83]
  114 255 0 20 255 255 48; ... % tssi[84]
  114 255 0 20 255 255 48; ... % tssi[85]
  107 255 0 19 255 255 48; ... % tssi[86]
  97 255 0 18 255 255 48; ... % tssi[87]
  98 255 0 18 255 255 49; ... % tssi[88]
  89 255 0 17 255 255 48; ... % tssi[89]
  90 255 0 17 255 255 48; ... % tssi[90]
  80 255 0 16 255 255 47; ... % tssi[91]
  81 255 0 16 255 255 48; ... % tssi[92]
  75 255 0 15 255 255 47; ... % tssi[93]
  76 255 0 15 255 255 47; ... % tssi[94]
  67 255 0 14 255 255 48; ... % tssi[95]
  67 255 0 14 255 255 48; ... % tssi[96]
  66 255 0 14 255 255 48; ... % tssi[97]
  59 255 0 13 255 255 47; ... % tssi[98]
  59 255 0 13 255 255 49; ... % tssi[99]
  51 255 0 12 255 255 48; ... % tssi[100]
  51 255 0 12 255 255 48; ... % tssi[101]
  51 255 0 12 255 255 48; ... % tssi[102]
  45 255 0 11 255 255 46; ... % tssi[103]
  45 255 0 11 255 255 48; ... % tssi[104]
  37 255 0 10 255 255 47; ... % tssi[105]
  37 255 0 10 255 255 48; ... % tssi[106]
  38 255 0 10 255 255 47; ... % tssi[107]
  32 255 0 9 255 255 46; ... % tssi[108]
  32 255 0 9 255 255 45; ... % tssi[109]
  30 255 0 9 255 255 51; ... % tssi[110]
  31 255 0 9 255 255 49; ... % tssi[111]
  24 255 0 8 255 255 48; ... % tssi[112]
  26 255 0 8 255 255 46; ... % tssi[113]
  25 255 0 8 255 255 48; ... % tssi[114]
  25 255 0 8 255 255 46; ... % tssi[115]
  19 255 0 7 255 255 49; ... % tssi[116]
  21 255 0 7 255 255 48; ... % tssi[117]
  19 255 0 7 255 255 46; ... % tssi[118]
  19 255 0 7 255 255 48; ... % tssi[119]
  19 255 0 7 255 255 47; ... % tssi[120]
  13 255 0 6 255 255 45; ... % tssi[121]
  14 255 0 6 255 255 45; ... % tssi[122]
  14 255 0 6 255 255 43; ... % tssi[123]
  14 255 0 6 255 255 42; ... % tssi[124]
  14 255 0 6 255 255 41; ... % tssi[125]
  9 255 0 5 255 255 39; ... % tssi[126]
  10 255 0 5 255 255 39; ... % tssi[127]
];