% 7/80L
% chanspec: 0x2007
% tssi-idle_tssi    ipa     txlpf   pga     pad     txgm    bbmult   
tssi_ipa(:,:,3,2) = [ ...
-288 0 0 0 0 0 0; ... % idle_tssi
0 0 0 30 255 255 64;
3 1 0 30 255 255 64;
3 2 0 30 255 255 64;
11 3 0 30 255 255 64;
4 4 0 30 255 255 64;
9 5 0 30 255 255 64;
11 6 0 30 255 255 64;
21 7 0 30 255 255 64;
3 8 0 30 255 255 64;
11 9 0 30 255 255 64;
8 10 0 30 255 255 64;
18 11 0 30 255 255 64;
11 12 0 30 255 255 64;
20 13 0 30 255 255 64;
20 14 0 30 255 255 64;
32 15 0 30 255 255 64;
3 16 0 30 255 255 64;
9 17 0 30 255 255 64;
10 18 0 30 255 255 64;
21 19 0 30 255 255 64;
10 20 0 30 255 255 64;
20 21 0 30 255 255 64;
20 22 0 30 255 255 64;
32 23 0 30 255 255 64;
11 24 0 30 255 255 64;
20 25 0 30 255 255 64;
19 26 0 30 255 255 64;
32 27 0 30 255 255 64;
21 28 0 30 255 255 64;
33 29 0 30 255 255 64;
32 30 0 30 255 255 64;
44 31 0 30 255 255 64;
4 32 0 30 255 255 64;
11 33 0 30 255 255 64;
9 34 0 30 255 255 64;
20 35 0 30 255 255 64;
11 36 0 30 255 255 64;
20 37 0 30 255 255 64;
20 38 0 30 255 255 64;
32 39 0 30 255 255 64;
10 40 0 30 255 255 64;
20 41 0 30 255 255 64;
17 42 0 30 255 255 64;
30 43 0 30 255 255 64;
21 44 0 30 255 255 64;
32 45 0 30 255 255 64;
30 46 0 30 255 255 64;
44 47 0 30 255 255 64;
11 48 0 30 255 255 64;
21 49 0 30 255 255 64;
20 50 0 30 255 255 64;
32 51 0 30 255 255 64;
21 52 0 30 255 255 64;
33 53 0 30 255 255 64;
32 54 0 30 255 255 64;
46 55 0 30 255 255 64;
20 56 0 30 255 255 64;
33 57 0 30 255 255 64;
30 58 0 30 255 255 64;
44 59 0 30 255 255 64;
34 60 0 30 255 255 64;
46 61 0 30 255 255 64;
44 62 0 30 255 255 64;
58 63 0 30 255 255 64;
4 64 0 30 255 255 64;
9 65 0 30 255 255 64;
11 66 0 30 255 255 64;
21 67 0 30 255 255 64;
10 68 0 30 255 255 64;
19 69 0 30 255 255 64;
21 70 0 30 255 255 64;
33 71 0 30 255 255 64;
11 72 0 30 255 255 64;
21 73 0 30 255 255 64;
19 74 0 30 255 255 64;
32 75 0 30 255 255 64;
21 76 0 30 255 255 64;
33 77 0 30 255 255 64;
32 78 0 30 255 255 64;
45 79 0 30 255 255 64;
10 80 0 30 255 255 64;
19 81 0 30 255 255 64;
22 82 0 30 255 255 64;
33 83 0 30 255 255 64;
21 84 0 30 255 255 64;
32 85 0 30 255 255 64;
33 86 0 30 255 255 64;
45 87 0 30 255 255 64;
21 88 0 30 255 255 64;
33 89 0 30 255 255 64;
32 90 0 30 255 255 64;
46 91 0 30 255 255 64;
34 92 0 30 255 255 64;
46 93 0 30 255 255 64;
46 94 0 30 255 255 64;
60 95 0 30 255 255 64;
10 96 0 30 255 255 64;
21 97 0 30 255 255 64;
19 98 0 30 255 255 64;
33 99 0 30 255 255 64;
21 100 0 30 255 255 64;
32 101 0 30 255 255 64;
32 102 0 30 255 255 64;
46 103 0 30 255 255 64;
20 104 0 30 255 255 64;
33 105 0 30 255 255 64;
30 106 0 30 255 255 64;
45 107 0 30 255 255 64;
33 108 0 30 255 255 64;
46 109 0 30 255 255 64;
44 110 0 30 255 255 64;
59 111 0 30 255 255 64;
22 112 0 30 255 255 64;
34 113 0 30 255 255 64;
33 114 0 30 255 255 64;
47 115 0 30 255 255 64;
34 116 0 30 255 255 64;
47 117 0 30 255 255 64;
46 118 0 30 255 255 64;
61 119 0 30 255 255 64;
34 120 0 30 255 255 64;
47 121 0 30 255 255 64;
44 122 0 30 255 255 64;
59 123 0 30 255 255 64;
48 124 0 30 255 255 64;
61 125 0 30 255 255 64;
60 126 0 30 255 255 64;
74 127 0 30 255 255 64;
4 128 0 30 255 255 64;
10 129 0 30 255 255 64;
9 130 0 30 255 255 64;
19 131 0 30 255 255 64;
11 132 0 30 255 255 64;
20 133 0 30 255 255 64;
20 134 0 30 255 255 64;
32 135 0 30 255 255 64;
10 136 0 30 255 255 64;
20 137 0 30 255 255 64;
17 138 0 30 255 255 64;
31 139 0 30 255 255 64;
20 140 0 30 255 255 64;
33 141 0 30 255 255 64;
31 142 0 30 255 255 64;
44 143 0 30 255 255 64;
12 144 0 30 255 255 64;
21 145 0 30 255 255 64;
21 146 0 30 255 255 64;
33 147 0 30 255 255 64;
22 148 0 30 255 255 64;
33 149 0 30 255 255 64;
33 150 0 30 255 255 64;
45 151 0 30 255 255 64;
20 152 0 30 255 255 64;
33 153 0 30 255 255 64;
31 154 0 30 255 255 64;
45 155 0 30 255 255 64;
34 156 0 30 255 255 64;
47 157 0 30 255 255 64;
45 158 0 30 255 255 64;
59 159 0 30 255 255 64;
9 160 0 30 255 255 64;
21 161 0 30 255 255 64;
17 162 0 30 255 255 64;
31 163 0 30 255 255 64;
21 164 0 30 255 255 64;
33 165 0 30 255 255 64;
32 166 0 30 255 255 64;
44 167 0 30 255 255 64;
17 168 0 30 255 255 64;
31 169 0 30 255 255 64;
27 170 0 30 255 255 64;
42 171 0 30 255 255 64;
31 172 0 30 255 255 64;
45 173 0 30 255 255 64;
42 174 0 30 255 255 64;
56 175 0 30 255 255 64;
20 176 0 30 255 255 64;
33 177 0 30 255 255 64;
31 178 0 30 255 255 64;
45 179 0 30 255 255 64;
33 180 0 30 255 255 64;
46 181 0 30 255 255 64;
47 182 0 30 255 255 64;
59 183 0 30 255 255 64;
31 184 0 30 255 255 64;
46 185 0 30 255 255 64;
43 186 0 30 255 255 64;
57 187 0 30 255 255 64;
45 188 0 30 255 255 64;
59 189 0 30 255 255 64;
57 190 0 30 255 255 64;
71 191 0 30 255 255 64;
11 192 0 30 255 255 64;
21 193 0 30 255 255 64;
21 194 0 30 255 255 64;
34 195 0 30 255 255 64;
22 196 0 30 255 255 64;
34 197 0 30 255 255 64;
33 198 0 30 255 255 64;
47 199 0 30 255 255 64;
20 200 0 30 255 255 64;
33 201 0 30 255 255 64;
31 202 0 30 255 255 64;
46 203 0 30 255 255 64;
34 204 0 30 255 255 64;
47 205 0 30 255 255 64;
45 206 0 30 255 255 64;
60 207 0 30 255 255 64;
22 208 0 30 255 255 64;
33 209 0 30 255 255 64;
34 210 0 30 255 255 64;
47 211 0 30 255 255 64;
34 212 0 30 255 255 64;
47 213 0 30 255 255 64;
47 214 0 30 255 255 64;
61 215 0 30 255 255 64;
34 216 0 30 255 255 64;
48 217 0 30 255 255 64;
45 218 0 30 255 255 64;
60 219 0 30 255 255 64;
48 220 0 30 255 255 64;
62 221 0 30 255 255 64;
60 222 0 30 255 255 64;
74 223 0 30 255 255 64;
20 224 0 30 255 255 64;
33 225 0 30 255 255 64;
31 226 0 30 255 255 64;
46 227 0 30 255 255 64;
34 228 0 30 255 255 64;
47 229 0 30 255 255 64;
46 230 0 30 255 255 64;
60 231 0 30 255 255 64;
31 232 0 30 255 255 64;
46 233 0 30 255 255 64;
41 234 0 30 255 255 64;
58 235 0 30 255 255 64;
46 236 0 30 255 255 64;
60 237 0 30 255 255 64;
57 238 0 30 255 255 64;
72 239 0 30 255 255 64;
34 240 0 30 255 255 64;
48 241 0 30 255 255 64;
46 242 0 30 255 255 64;
60 243 0 30 255 255 64;
47 244 0 30 255 255 64;
61 245 0 30 255 255 64;
61 246 0 30 255 255 64;
74 247 0 30 255 255 64;
46 248 0 30 255 255 64;
60 249 0 30 255 255 64;
58 250 0 30 255 255 64;
73 251 0 30 255 255 64;
61 252 0 30 255 255 64;
75 253 0 30 255 255 64;
72 254 0 30 255 255 64;
87 255 0 30 255 255 64;
]; % EOF
