% 7/80L
% chanspec: 0x2007
% tssi-idle_tssi    ipa     txlpf   pga     pad     txgm    bbmult   
tssi_7_80L = [ ...
  -293 0 0 0 0 0 0; ... % idle_tssi
  712 255 0 255 255 255 51; ... % tssi[0]
  711 255 0 255 255 255 49; ... % tssi[1]
  709 255 0 255 255 255 48; ... % tssi[2]
  705 255 0 247 255 255 48; ... % tssi[3]
  700 255 0 238 255 255 48; ... % tssi[4]
  695 255 0 230 255 255 48; ... % tssi[5]
  691 255 0 223 255 255 48; ... % tssi[6]
  685 255 0 215 255 255 48; ... % tssi[7]
  678 255 0 207 255 255 47; ... % tssi[8]
  673 255 0 201 255 255 47; ... % tssi[9]
  665 255 0 194 255 255 48; ... % tssi[10]
  657 255 0 187 255 255 48; ... % tssi[11]
  650 255 0 182 255 255 49; ... % tssi[12]
  642 255 0 177 255 255 48; ... % tssi[13]
  633 255 0 170 255 255 48; ... % tssi[14]
  623 255 0 165 255 255 48; ... % tssi[15]
  613 255 0 160 255 255 48; ... % tssi[16]
  602 255 0 155 255 255 48; ... % tssi[17]
  586 255 0 149 255 255 48; ... % tssi[18]
  576 255 0 145 255 255 48; ... % tssi[19]
  568 255 0 141 255 255 48; ... % tssi[20]
  551 255 0 136 255 255 48; ... % tssi[21]
  542 255 0 133 255 255 48; ... % tssi[22]
  525 255 0 128 255 255 48; ... % tssi[23]
  504 255 0 124 255 255 47; ... % tssi[24]
  488 255 0 120 255 255 47; ... % tssi[25]
  477 255 0 117 255 255 48; ... % tssi[26]
  459 255 0 113 255 255 48; ... % tssi[27]
  450 255 0 110 255 255 48; ... % tssi[28]
  432 255 0 106 255 255 47; ... % tssi[29]
  418 255 0 103 255 255 48; ... % tssi[30]
  404 255 0 100 255 255 48; ... % tssi[31]
  389 255 0 97 255 255 47; ... % tssi[32]
  372 255 0 94 255 255 48; ... % tssi[33]
  356 255 0 91 255 255 48; ... % tssi[34]
  341 255 0 88 255 255 48; ... % tssi[35]
  331 255 0 86 255 255 48; ... % tssi[36]
  314 255 0 83 255 255 48; ... % tssi[37]
  304 255 0 81 255 255 48; ... % tssi[38]
  292 255 0 78 255 255 48; ... % tssi[39]
  281 255 0 76 255 255 48; ... % tssi[40]
  270 255 0 74 255 255 48; ... % tssi[41]
  258 255 0 72 255 255 48; ... % tssi[42]
  248 255 0 70 255 255 48; ... % tssi[43]
  237 255 0 68 255 255 48; ... % tssi[44]
  219 255 0 65 255 255 48; ... % tssi[45]
  216 255 0 63 255 255 48; ... % tssi[46]
  205 255 0 61 255 255 48; ... % tssi[47]
  193 255 0 59 255 255 47; ... % tssi[48]
  188 255 0 58 255 255 47; ... % tssi[49]
  177 255 0 56 255 255 47; ... % tssi[50]
  171 255 0 55 255 255 47; ... % tssi[51]
  161 255 0 53 255 255 48; ... % tssi[52]
  149 255 0 51 255 255 48; ... % tssi[53]
  144 255 0 50 255 255 48; ... % tssi[54]
  133 255 0 48 255 255 48; ... % tssi[55]
  132 255 0 47 255 255 48; ... % tssi[56]
  128 255 0 46 255 255 47; ... % tssi[57]
  117 255 0 44 255 255 48; ... % tssi[58]
  112 255 0 43 255 255 48; ... % tssi[59]
  107 255 0 42 255 255 47; ... % tssi[60]
  96 255 0 40 255 255 48; ... % tssi[61]
  93 255 0 39 255 255 48; ... % tssi[62]
  93 255 0 39 255 255 47; ... % tssi[63]
  84 255 0 37 255 255 48; ... % tssi[64]
  79 255 0 36 255 255 48; ... % tssi[65]
  74 255 0 35 255 255 48; ... % tssi[66]
  70 255 0 34 255 255 48; ... % tssi[67]
  66 255 0 33 255 255 48; ... % tssi[68]
  61 255 0 32 255 255 48; ... % tssi[69]
  56 255 0 31 255 255 48; ... % tssi[70]
  51 255 0 30 255 255 48; ... % tssi[71]
  49 255 0 29 255 255 47; ... % tssi[72]
  45 255 0 28 255 255 48; ... % tssi[73]
  40 255 0 27 255 255 48; ... % tssi[74]
  37 255 0 26 255 255 48; ... % tssi[75]
  34 255 0 25 255 255 48; ... % tssi[76]
  34 255 0 25 255 255 48; ... % tssi[77]
  32 255 0 24 255 255 47; ... % tssi[78]
  29 255 0 23 255 255 48; ... % tssi[79]
  29 255 0 23 255 255 47; ... % tssi[80]
  27 255 0 22 255 255 48; ... % tssi[81]
  24 255 0 21 255 255 48; ... % tssi[82]
  23 255 0 21 255 255 47; ... % tssi[83]
  21 255 0 20 255 255 48; ... % tssi[84]
  21 255 0 20 255 255 47; ... % tssi[85]
  19 255 0 19 255 255 48; ... % tssi[86]
  17 255 0 18 255 255 49; ... % tssi[87]
  17 255 0 18 255 255 48; ... % tssi[88]
  15 255 0 17 255 255 49; ... % tssi[89]
  15 255 0 17 255 255 48; ... % tssi[90]
  13 255 0 16 255 255 48; ... % tssi[91]
  12 255 0 16 255 255 46; ... % tssi[92]
  12 255 0 15 255 255 47; ... % tssi[93]
  12 255 0 15 255 255 46; ... % tssi[94]
  11 255 0 14 255 255 48; ... % tssi[95]
  12 255 0 14 255 255 47; ... % tssi[96]
  10 255 0 14 255 255 45; ... % tssi[97]
  9 255 0 13 255 255 46; ... % tssi[98]
  10 255 0 13 255 255 44; ... % tssi[99]
  8 255 0 12 255 255 44; ... % tssi[100]
  8 255 0 12 255 255 43; ... % tssi[101]
  7 255 0 12 255 255 42; ... % tssi[102]
  6 255 0 11 255 255 44; ... % tssi[103]
  6 255 0 11 255 255 43; ... % tssi[104]
  5 255 0 10 255 255 44; ... % tssi[105]
  5 255 0 10 255 255 43; ... % tssi[106]
  5 255 0 10 255 255 42; ... % tssi[107]
  5 255 0 9 255 255 44; ... % tssi[108]
  5 255 0 9 255 255 43; ... % tssi[109]
  5 255 0 9 255 255 42; ... % tssi[110]
  5 255 0 9 255 255 41; ... % tssi[111]
  4 255 0 8 255 255 44; ... % tssi[112]
  3 255 0 8 255 255 42; ... % tssi[113]
  4 255 0 8 255 255 41; ... % tssi[114]
  2 255 0 8 255 255 39; ... % tssi[115]
  2 255 0 7 255 255 41; ... % tssi[116]
  2 255 0 7 255 255 40; ... % tssi[117]
  3 255 0 7 255 255 39; ... % tssi[118]
  2 255 0 7 255 255 38; ... % tssi[119]
  2 255 0 7 255 255 37; ... % tssi[120]
  1 255 0 6 255 255 36; ... % tssi[121]
  2 255 0 6 255 255 35; ... % tssi[122]
  3 255 0 6 255 255 34; ... % tssi[123]
  2 255 0 6 255 255 33; ... % tssi[124]
  2 255 0 6 255 255 32; ... % tssi[125]
  2 255 0 5 255 255 31; ... % tssi[126]
  1 255 0 5 255 255 28; ... % tssi[127]
];